# Blender v2.80 (sub 74) OBJ File: 'cheetah.blend'
# www.blender.org
mtllib cheetah.mtl
o Cheetah_Plane
v -0.737737 1.337647 0.034671
v 0.071699 1.049095 0.234938
v 0.407716 0.963776 0.234938
v 0.071699 1.746075 0.187506
v 0.493035 1.726386 0.187506
v 0.821184 0.970339 0.234938
v 0.853999 1.792016 0.187506
v 0.972133 1.009717 0.234938
v 0.998385 1.851083 0.187506
v 1.346222 1.121287 0.234938
v 1.352785 1.877335 0.187506
v 1.398726 1.410059 0.234938
v 1.457793 1.903587 0.187506
v 1.602179 1.475689 0.192740
v 1.589053 1.936402 0.160906
v 1.799068 1.423185 0.162729
v 1.766253 1.897024 0.160906
v 1.904076 1.515067 0.162729
v 1.890950 1.844520 0.130895
v 1.963143 1.580696 0.162729
v 1.950017 1.673883 0.162729
v -0.184226 1.195617 0.234938
v -0.151442 1.772327 0.187506
v -0.737578 1.334465 0.255857
v -0.781488 1.732949 0.177250
v -0.371547 1.822177 0.178700
v -0.443739 1.289271 0.257638
v -0.635584 1.803815 0.176681
v -0.625740 1.316850 0.259994
v -0.801177 1.356280 0.127949
v -0.958688 1.476993 0.092104
v -0.801177 1.134414 0.139536
v -0.965251 1.148844 0.139536
v -0.840555 0.858768 0.139536
v -1.004629 0.873199 0.139536
v -0.941140 0.631621 0.139536
v -1.087808 0.706567 0.139536
v -1.126594 0.430852 0.139536
v -1.233112 0.555293 0.139536
v -1.280868 0.336669 0.139536
v -1.353433 0.486660 0.139536
v -1.407085 0.271820 0.139536
v -1.510221 0.450227 0.139536
v 0.492950 1.750664 0.123297
v 0.853914 1.816293 0.123297
v -0.184311 1.195792 0.123297
v -0.443824 1.289446 0.098553
v -1.279014 0.335449 0.054928
v -1.407357 0.271976 0.054928
v 1.798984 1.423360 0.117811
v 1.602094 1.475864 0.117811
v -1.004766 0.873482 0.054928
v -0.965388 1.149127 0.054928
v -0.371631 1.846454 0.114491
v -0.151527 1.796605 0.123297
v 1.588968 1.936578 0.117811
v 1.766169 1.897200 0.117811
v -0.801313 1.134696 0.054928
v -0.840692 0.859051 0.054928
v 0.972048 1.009892 0.123297
v 0.821100 0.970514 0.123297
v -0.625824 1.317025 0.096533
v 0.998300 1.875360 0.123297
v 1.903991 1.515242 0.117811
v -1.087945 0.706850 0.054928
v -0.635669 1.828092 0.112471
v 1.890865 1.844696 0.117811
v -0.941276 0.631904 0.054928
v 1.346138 1.121463 0.123297
v -0.737663 1.337493 0.132833
v 1.949932 1.674058 0.117811
v 1.963058 1.580872 0.117811
v 1.352701 1.901612 0.123297
v -1.230889 0.556599 0.054928
v -1.127004 0.430496 0.054928
v 1.398642 1.410234 0.123297
v -0.958825 1.477276 0.054928
v -0.781573 1.757227 0.113040
v 0.407632 0.963952 0.123297
v 0.071615 1.049270 0.123297
v 1.457709 1.927864 0.123297
v -0.801314 1.351275 0.054928
v 0.071615 1.770352 0.123297
v -1.354016 0.482039 0.054928
v -1.510751 0.447803 0.054928
v -0.409254 1.087128 0.257378
v -0.215679 1.055016 0.234678
v -0.591255 1.114707 0.259734
v -0.703093 1.133489 0.234166
v -0.766692 1.148098 0.201277
v -0.215763 1.055191 0.123037
v -0.409339 1.087303 0.098293
v -0.591339 1.114882 0.096274
v -0.703178 1.135350 0.132573
v -0.766777 1.149024 0.123037
v -0.383491 0.910712 0.263670
v -0.253789 0.895831 0.234390
v -0.517284 0.932238 0.273062
v -0.552182 0.938872 0.248126
v -0.615781 0.953684 0.215618
v -0.253874 0.896006 0.122748
v -0.383575 0.910888 0.104585
v -0.517368 0.932413 0.109602
v -0.552266 0.938800 0.132284
v -0.615865 0.952474 0.122748
v -0.376455 0.750888 0.263297
v -0.325879 0.744798 0.234016
v -0.510248 0.772413 0.272689
v -0.545146 0.777415 0.249838
v -0.608745 0.792227 0.217330
v -0.325964 0.744974 0.122375
v -0.376540 0.751064 0.104212
v -0.510333 0.772589 0.109228
v -0.545231 0.778976 0.131911
v -0.608830 0.792650 0.122375
v -0.508325 0.607281 0.266896
v -0.420638 0.592279 0.233789
v -0.575265 0.618269 0.272410
v -0.616438 0.626291 0.261805
v -0.659545 0.635560 0.233789
v -0.420722 0.592455 0.122148
v -0.508409 0.607456 0.107810
v -0.575349 0.618444 0.108950
v -0.616522 0.626467 0.125307
v -0.659629 0.635736 0.122148
v -0.588426 0.438374 0.266685
v -0.500738 0.423372 0.233579
v -0.655365 0.449362 0.272200
v -0.696538 0.457385 0.261595
v -0.739646 0.466653 0.233579
v -0.500823 0.423548 0.121938
v -0.588510 0.438550 0.107600
v -0.655450 0.449538 0.108740
v -0.696623 0.457560 0.125097
v -0.739730 0.466829 0.121938
v -0.552483 0.341947 0.266436
v -0.510719 0.354986 0.233330
v -0.616015 0.318168 0.260927
v -0.655720 0.304638 0.261346
v -0.688932 0.293425 0.233330
v -0.510880 0.355096 0.121689
v -0.552644 0.342057 0.115761
v -0.616175 0.318278 0.116901
v -0.655881 0.304749 0.124847
v -0.689092 0.293535 0.121689
v -0.743308 0.380440 0.121815
v -0.570732 0.390906 0.266563
v -0.635994 0.384780 0.261053
v -0.743186 0.380297 0.233457
v -0.505774 0.389851 0.121815
v -0.570854 0.391050 0.115888
v -0.676445 0.382193 0.261472
v -0.676567 0.382336 0.124974
v -0.636116 0.384923 0.117027
v -0.505652 0.389708 0.233457
v -0.533447 0.249308 0.267719
v -0.489238 0.268738 0.233180
v -0.568159 0.236316 0.260777
v -0.607864 0.222786 0.261196
v -0.641076 0.211572 0.233180
v -0.489399 0.268848 0.121539
v -0.533607 0.249418 0.117044
v -0.568319 0.236426 0.116750
v -0.608025 0.222896 0.124697
v -0.641236 0.211683 0.121539
v -0.478664 0.182533 0.260945
v -0.447643 0.195369 0.233055
v -0.513376 0.169541 0.260651
v -0.553081 0.156011 0.261071
v -0.586293 0.144798 0.233055
v -0.447804 0.195480 0.121413
v -0.478824 0.182644 0.116919
v -0.513536 0.169651 0.116625
v -0.553242 0.156122 0.124572
v -0.586453 0.144908 0.121413
v -0.421652 0.103882 0.260809
v -0.390631 0.116718 0.232919
v -0.456364 0.090890 0.260516
v -0.496069 0.077360 0.260935
v -0.529281 0.066147 0.232919
v -0.390792 0.116829 0.121278
v -0.421812 0.103993 0.116783
v -0.456524 0.091000 0.116490
v -0.496230 0.077471 0.124436
v -0.529441 0.066257 0.121278
v -0.343149 0.084016 0.260724
v -0.327468 0.113700 0.232834
v -0.352780 0.056251 0.260431
v -0.368110 0.033676 0.260850
v -0.386514 0.003843 0.232834
v -0.327662 0.113682 0.121193
v -0.343343 0.083998 0.124226
v -0.352974 0.056233 0.123932
v -0.368304 0.033658 0.124352
v -0.386708 0.003825 0.121193
v -0.415213 0.076769 0.123978
v -0.446411 0.052772 0.260895
v -0.501257 0.008657 0.232879
v -0.446587 0.052822 0.124397
v -0.384868 0.094574 0.260769
v -0.361035 0.115304 0.232879
v -0.361211 0.115354 0.121238
v -0.385044 0.094624 0.124271
v -0.415037 0.076719 0.260476
v -0.501433 0.008707 0.121238
v -0.296829 0.078625 0.260633
v -0.278949 0.099517 0.232743
v -0.306460 0.050860 0.260340
v -0.310800 0.034879 0.260759
v -0.329204 0.005045 0.232743
v -0.279143 0.099499 0.121102
v -0.297023 0.078607 0.124135
v -0.306654 0.050842 0.123841
v -0.310994 0.034861 0.124261
v -0.329398 0.005028 0.121102
v -0.244995 0.052656 0.235712
v -0.253490 0.077944 0.232679
v -0.248032 0.031485 0.235419
v -0.258966 0.017702 0.235838
v -0.286162 0.007649 0.232679
v -0.253684 0.077926 0.121038
v -0.245189 0.052638 0.124071
v -0.248226 0.031467 0.123777
v -0.259160 0.017684 0.124197
v -0.286356 0.007631 0.121038
v 1.042222 0.859430 0.234406
v 1.252237 0.920866 0.234406
v 1.042137 0.859605 0.122764
v 1.252153 0.921042 0.122764
v 1.114533 0.612241 0.233962
v 1.288087 0.669120 0.233962
v 1.114449 0.612417 0.122321
v 1.288003 0.669296 0.122321
v 1.204020 0.343983 0.233491
v 1.336556 0.387189 0.233490
v 1.203936 0.344158 0.121849
v 1.336471 0.387364 0.121849
v 1.246471 0.213764 0.233254
v 1.379007 0.256970 0.233254
v 1.246387 0.213940 0.121612
v 1.378922 0.257146 0.121612
v 1.262091 0.165851 0.233166
v 1.394626 0.209057 0.233167
v 1.262006 0.166026 0.121525
v 1.394542 0.209233 0.121525
v 1.348126 0.041127 0.232890
v 1.416855 0.129909 0.232890
v 1.348042 0.041302 0.121248
v 1.416770 0.130085 0.121248
v 1.392067 0.007111 0.232803
v 1.501815 0.105009 0.232803
v 1.391983 0.007287 0.121162
v 1.501730 0.105184 0.121162
v 1.513151 0.012369 0.232682
v 1.554533 0.092037 0.232682
v 1.513066 0.012545 0.121040
v 1.554449 0.092212 0.121040
v 1.569821 0.012645 0.232600
v 1.583858 0.064967 0.232600
v 1.569737 0.012821 0.120958
v 1.583774 0.065142 0.120958
v 0.071699 1.397585 0.280818
v 0.450376 1.345081 0.280818
v 0.837591 1.381178 0.280818
v 0.985259 1.430400 0.280818
v 1.349504 1.499311 0.280818
v 1.428260 1.656823 0.234938
v 1.595616 1.706045 0.192740
v 1.782661 1.660105 0.192740
v 1.897513 1.679793 0.192740
v 1.956580 1.627290 0.162729
v -0.167834 1.483972 0.280818
v -0.759533 1.535133 0.280457
v -0.407643 1.555724 0.272012
v -0.630662 1.560333 0.269992
v -0.879933 1.413993 0.139536
v -0.883214 1.141629 0.139536
v -0.922592 0.865984 0.139536
v -1.014474 0.669094 0.139536
v -1.178531 0.494762 0.139536
v -1.318444 0.411082 0.139536
v -1.458907 0.360210 0.139536
v -1.459054 0.359889 0.054928
v 1.956495 1.627465 0.117811
v 1.159177 1.065502 0.257569
v 1.175585 1.864209 0.187506
v 1.175500 1.888486 0.123297
v 1.159093 1.065677 0.107953
v 1.147230 0.890148 0.257036
v 1.147145 0.890324 0.107421
v 1.201310 0.640681 0.256593
v 1.201226 0.640856 0.106978
v 1.270288 0.365586 0.256121
v 1.270203 0.365761 0.106506
v 1.312739 0.235367 0.255884
v 1.312654 0.235543 0.106269
v 1.328359 0.187454 0.255797
v 1.328274 0.187630 0.106182
v 1.382491 0.085518 0.255521
v 1.382406 0.085694 0.105905
v 1.446941 0.056060 0.255434
v 1.446856 0.056235 0.105818
v 1.533842 0.052203 0.255312
v 1.533757 0.052379 0.105697
v 1.576833 0.038819 0.244189
v 1.576761 0.038969 0.116657
v 1.167381 1.464856 0.280818
v 1.363724 1.217544 0.234938
v 1.381225 1.313802 0.234938
v 1.422791 1.894836 0.187506
v 1.387788 1.886086 0.187506
v 1.387704 1.910363 0.123297
v 1.422706 1.919114 0.123297
v 1.381141 1.313977 0.123297
v 1.363639 1.217720 0.123297
v 1.375756 1.551815 0.265524
v 1.402008 1.604319 0.250231
v 1.572578 1.724361 0.188459
v 1.697736 1.840755 0.170663
v 1.488534 1.941433 0.234005
v 1.543488 1.965241 0.221775
v 1.509983 1.794917 0.201175
v 1.615865 1.891920 0.186162
v 1.548212 1.964979 0.247589
v 1.493257 1.941172 0.259818
v 1.514707 1.794655 0.226988
v 1.620588 1.891659 0.211975
v 0.071540 1.049425 0.000000
v 0.407557 0.995689 0.000000
v 0.071540 1.777988 0.000000
v 0.492876 1.758299 0.000000
v 0.821025 1.002252 0.000000
v 0.853840 1.823929 0.000000
v 0.971974 1.041630 0.000000
v 0.998226 1.882996 0.000000
v 1.346064 1.121617 0.000000
v 1.352626 1.909248 0.000000
v 1.398567 1.410389 0.000000
v 1.457634 1.903917 0.000000
v 1.602020 1.476019 0.000000
v 1.588894 1.936732 0.000000
v 1.807147 1.423515 0.000000
v 1.766094 1.897354 0.000000
v 1.912154 1.515396 0.000000
v 1.899028 1.844850 0.000000
v 1.971221 1.581026 0.000000
v 1.958095 1.674213 0.000000
v -0.184385 1.227530 0.000000
v -0.151601 1.804240 0.000000
v -0.737737 1.337647 -0.034671
v -0.781647 1.764862 0.000000
v -0.371706 1.854090 0.000000
v -0.443898 1.321184 0.000000
v -0.635743 1.835728 0.000000
v -0.625899 1.348763 0.000000
v -0.801336 1.382905 0.000000
v -0.958847 1.477323 0.000000
v -0.801336 1.134743 0.000000
v -0.965410 1.149174 0.000000
v -0.840714 0.890682 0.000000
v -1.004789 0.873529 0.000000
v -0.941299 0.631951 0.000000
v -1.087967 0.706897 0.000000
v -1.127836 0.428617 0.000000
v -1.229621 0.557211 0.000000
v -1.277547 0.334484 0.000000
v -1.354267 0.479053 0.000000
v -1.407402 0.272002 0.000000
v -1.510796 0.447829 0.000000
v 0.071699 1.049095 -0.234938
v 0.407716 0.963776 -0.234938
v 0.071699 1.746075 -0.187506
v 0.493035 1.726386 -0.187506
v 0.821184 0.970339 -0.234938
v 0.853999 1.792016 -0.187506
v 0.972133 1.009717 -0.234938
v 0.998385 1.851083 -0.187506
v 1.346223 1.121287 -0.234938
v 1.352785 1.877335 -0.187506
v 1.398726 1.410059 -0.234938
v 1.457793 1.903587 -0.187506
v 1.602179 1.475689 -0.192740
v 1.589053 1.936402 -0.160906
v 1.799068 1.423185 -0.162729
v 1.766253 1.897024 -0.160906
v 1.904076 1.515067 -0.162729
v 1.890950 1.844520 -0.130895
v 1.963143 1.580696 -0.162729
v 1.950017 1.673883 -0.162729
v -0.184226 1.195617 -0.234938
v -0.151442 1.772327 -0.187506
v -0.737578 1.334465 -0.255857
v -0.781488 1.732949 -0.177250
v -0.371547 1.822177 -0.178700
v -0.443739 1.289271 -0.257638
v -0.635584 1.803815 -0.176681
v -0.625740 1.316850 -0.259994
v -0.801177 1.356280 -0.127949
v -0.958688 1.476993 -0.092104
v -0.801177 1.134414 -0.139536
v -0.965251 1.148844 -0.139536
v -0.840555 0.858768 -0.139536
v -1.004629 0.873199 -0.139536
v -0.941140 0.631621 -0.139536
v -1.087808 0.706567 -0.139536
v -1.126402 0.431310 -0.139536
v -1.233498 0.555125 -0.139536
v -1.281575 0.337131 -0.139536
v -1.353371 0.487579 -0.139536
v -1.407965 0.273093 -0.139536
v -1.510069 0.451750 -0.139536
v 0.492950 1.750664 -0.123296
v 0.853914 1.816293 -0.123296
v -0.184311 1.195792 -0.123297
v -0.443824 1.289446 -0.098553
v -1.279446 0.335732 -0.054928
v -1.407357 0.271976 -0.054928
v 1.798984 1.423360 -0.117811
v 1.602094 1.475864 -0.117811
v -1.004766 0.873482 -0.054928
v -0.965388 1.149127 -0.054928
v -0.371631 1.846454 -0.114490
v -0.151527 1.796605 -0.123296
v 1.588968 1.936578 -0.117811
v 1.766169 1.897200 -0.117811
v -0.801313 1.134696 -0.054928
v -0.840692 0.859051 -0.054928
v 0.972048 1.009892 -0.123297
v 0.821100 0.970514 -0.123297
v -0.625824 1.317025 -0.096533
v 0.998300 1.875360 -0.123296
v 1.903991 1.515242 -0.117811
v -1.087945 0.706850 -0.054928
v -0.635669 1.828092 -0.112471
v 1.890865 1.844696 -0.117811
v -0.941276 0.631904 -0.054928
v 1.346138 1.121463 -0.123297
v -0.737663 1.337493 -0.132832
v 1.949932 1.674058 -0.117811
v 1.963058 1.580872 -0.117811
v 1.352701 1.901612 -0.123296
v -1.231363 0.556392 -0.054928
v -1.126904 0.430734 -0.054928
v 1.398642 1.410234 -0.123297
v -0.958825 1.477276 -0.054928
v -0.781573 1.757227 -0.113040
v 0.407632 0.963952 -0.123296
v 0.071615 1.049270 -0.123297
v 1.457709 1.927864 -0.123296
v -0.801313 1.351275 -0.054928
v 0.071615 1.770352 -0.123296
v -1.353939 0.483148 -0.054928
v -1.510751 0.447803 -0.054928
v -0.409254 1.087128 -0.257378
v -0.215679 1.055015 -0.234678
v -0.591255 1.114707 -0.259734
v -0.703093 1.133489 -0.234166
v -0.766692 1.148098 -0.201277
v -0.215763 1.055191 -0.123037
v -0.409339 1.087303 -0.098293
v -0.591339 1.114882 -0.096274
v -0.703178 1.135350 -0.132573
v -0.766777 1.149024 -0.123037
v -0.383491 0.910712 -0.263670
v -0.253789 0.895830 -0.234390
v -0.517284 0.932238 -0.273062
v -0.552182 0.938872 -0.248126
v -0.615781 0.953684 -0.215618
v -0.253874 0.896006 -0.122748
v -0.383575 0.910888 -0.104585
v -0.517368 0.932413 -0.109602
v -0.552266 0.938800 -0.132284
v -0.615865 0.952474 -0.122748
v -0.376455 0.750888 -0.263297
v -0.325879 0.744798 -0.234016
v -0.510248 0.772413 -0.272688
v -0.545146 0.777415 -0.249838
v -0.608745 0.792227 -0.217330
v -0.325964 0.744974 -0.122374
v -0.376540 0.751064 -0.104212
v -0.510333 0.772589 -0.109228
v -0.545231 0.778976 -0.131910
v -0.608830 0.792650 -0.122374
v -0.508325 0.607281 -0.266896
v -0.420637 0.592279 -0.233789
v -0.575264 0.618269 -0.272410
v -0.616437 0.626291 -0.261805
v -0.659545 0.635560 -0.233789
v -0.420722 0.592455 -0.122148
v -0.508409 0.607456 -0.107810
v -0.575349 0.618444 -0.108950
v -0.616522 0.626467 -0.125307
v -0.659629 0.635736 -0.122148
v -0.588426 0.438374 -0.266685
v -0.500738 0.423372 -0.233579
v -0.655365 0.449362 -0.272200
v -0.696538 0.457385 -0.261595
v -0.739646 0.466653 -0.233579
v -0.500823 0.423548 -0.121938
v -0.588510 0.438550 -0.107600
v -0.655450 0.449538 -0.108740
v -0.696623 0.457560 -0.125097
v -0.739730 0.466829 -0.121938
v -0.552483 0.341947 -0.266436
v -0.510719 0.354986 -0.233330
v -0.616015 0.318168 -0.260927
v -0.655720 0.304638 -0.261346
v -0.688932 0.293425 -0.233330
v -0.510880 0.355096 -0.121689
v -0.552644 0.342057 -0.115761
v -0.616175 0.318278 -0.116901
v -0.655881 0.304749 -0.124847
v -0.689092 0.293535 -0.121689
v -0.743308 0.380440 -0.121815
v -0.570732 0.390906 -0.266563
v -0.635994 0.384780 -0.261053
v -0.743186 0.380297 -0.233457
v -0.505774 0.389851 -0.121815
v -0.570854 0.391050 -0.115888
v -0.676445 0.382193 -0.261472
v -0.676567 0.382336 -0.124974
v -0.636116 0.384923 -0.117027
v -0.505652 0.389708 -0.233457
v -0.533447 0.249308 -0.267719
v -0.489238 0.268738 -0.233180
v -0.568159 0.236316 -0.260777
v -0.607864 0.222786 -0.261196
v -0.641076 0.211573 -0.233180
v -0.489399 0.268848 -0.121539
v -0.533607 0.249418 -0.117044
v -0.568319 0.236426 -0.116750
v -0.608025 0.222896 -0.124697
v -0.641236 0.211683 -0.121539
v -0.478664 0.182534 -0.260945
v -0.447643 0.195370 -0.233055
v -0.513376 0.169541 -0.260652
v -0.553081 0.156012 -0.261071
v -0.586293 0.144798 -0.233055
v -0.447804 0.195480 -0.121413
v -0.478825 0.182644 -0.116919
v -0.513536 0.169651 -0.116625
v -0.553242 0.156122 -0.124572
v -0.586453 0.144908 -0.121413
v -0.421652 0.103882 -0.260809
v -0.390631 0.116718 -0.232919
v -0.456364 0.090890 -0.260516
v -0.496069 0.077360 -0.260935
v -0.529281 0.066147 -0.232919
v -0.390792 0.116829 -0.121278
v -0.421812 0.103993 -0.116783
v -0.456524 0.091000 -0.116490
v -0.496230 0.077471 -0.124436
v -0.529442 0.066257 -0.121278
v -0.343149 0.084016 -0.260724
v -0.327468 0.113700 -0.232834
v -0.352780 0.056251 -0.260431
v -0.368110 0.033676 -0.260850
v -0.386514 0.003843 -0.232834
v -0.327662 0.113682 -0.121193
v -0.343343 0.083998 -0.124226
v -0.352974 0.056233 -0.123932
v -0.368304 0.033658 -0.124352
v -0.386708 0.003825 -0.121193
v -0.415213 0.076769 -0.123978
v -0.446411 0.052772 -0.260895
v -0.501257 0.008657 -0.232879
v -0.446587 0.052822 -0.124397
v -0.384868 0.094574 -0.260769
v -0.361035 0.115304 -0.232879
v -0.361211 0.115354 -0.121238
v -0.385044 0.094624 -0.124271
v -0.415037 0.076719 -0.260476
v -0.501433 0.008707 -0.121238
v -0.296829 0.078625 -0.260633
v -0.278949 0.099517 -0.232743
v -0.306460 0.050860 -0.260340
v -0.310800 0.034879 -0.260759
v -0.329204 0.005045 -0.232743
v -0.279143 0.099499 -0.121102
v -0.297023 0.078607 -0.124135
v -0.306654 0.050842 -0.123841
v -0.310994 0.034861 -0.124261
v -0.329398 0.005028 -0.121102
v -0.244995 0.052656 -0.235712
v -0.253490 0.077944 -0.232679
v -0.248032 0.031485 -0.235419
v -0.258966 0.017702 -0.235838
v -0.286162 0.007649 -0.232679
v -0.253684 0.077926 -0.121038
v -0.245189 0.052638 -0.124071
v -0.248226 0.031467 -0.123777
v -0.259160 0.017684 -0.124197
v -0.286356 0.007631 -0.121038
v 1.042222 0.859430 -0.234406
v 1.252237 0.920867 -0.234405
v 1.042138 0.859605 -0.122764
v 1.252153 0.921042 -0.122764
v 1.114533 0.612241 -0.233962
v 1.288087 0.669120 -0.233962
v 1.114449 0.612417 -0.122321
v 1.288003 0.669296 -0.122321
v 1.204021 0.343983 -0.233490
v 1.336556 0.387189 -0.233490
v 1.203936 0.344158 -0.121849
v 1.336471 0.387364 -0.121849
v 1.246471 0.213764 -0.233254
v 1.379007 0.256970 -0.233254
v 1.246387 0.213940 -0.121612
v 1.378922 0.257146 -0.121612
v 1.262091 0.165851 -0.233166
v 1.394627 0.209057 -0.233166
v 1.262007 0.166026 -0.121525
v 1.394542 0.209233 -0.121525
v 1.348126 0.041127 -0.232890
v 1.416855 0.129909 -0.232890
v 1.348042 0.041302 -0.121248
v 1.416771 0.130085 -0.121248
v 1.392067 0.007111 -0.232803
v 1.501815 0.105009 -0.232803
v 1.391983 0.007287 -0.121162
v 1.501730 0.105184 -0.121162
v 1.513151 0.012370 -0.232682
v 1.554533 0.092037 -0.232682
v 1.513066 0.012545 -0.121040
v 1.554449 0.092212 -0.121040
v 1.569821 0.012646 -0.232600
v 1.583858 0.064967 -0.232600
v 1.569737 0.012821 -0.120958
v 1.583774 0.065143 -0.120958
v 0.071540 1.397915 0.000000
v 0.450217 1.376994 0.000000
v 0.837433 1.413091 0.000000
v 0.985100 1.462313 0.000000
v 1.349345 1.531224 0.000000
v 1.428101 1.657153 0.000000
v 1.595457 1.706375 0.000000
v 1.782502 1.660434 0.000000
v 1.897354 1.680123 0.000000
v 1.964658 1.627619 0.000000
v -0.167993 1.515885 0.000000
v -0.759692 1.567047 0.000000
v -0.407802 1.587637 0.000000
v -0.630821 1.592246 0.000000
v -0.880092 1.414322 0.000000
v -0.883373 1.141959 0.000000
v -0.922751 0.866314 0.000000
v -1.014633 0.669424 0.000000
v -1.178707 0.493379 0.000000
v -1.315017 0.405142 0.000000
v -1.459099 0.359915 0.000000
v 0.071699 1.397585 -0.280818
v 0.450376 1.345081 -0.280818
v 0.837592 1.381178 -0.280818
v 0.985259 1.430400 -0.280818
v 1.349504 1.499311 -0.280818
v 1.428260 1.656823 -0.234938
v 1.595616 1.706045 -0.192740
v 1.782661 1.660105 -0.192740
v 1.897513 1.679793 -0.192740
v 1.956580 1.627290 -0.162729
v -0.167834 1.483972 -0.280818
v -0.759533 1.535133 -0.280457
v -0.407643 1.555724 -0.272011
v -0.630662 1.560333 -0.269992
v -0.879933 1.413993 -0.139536
v -0.883214 1.141629 -0.139536
v -0.922592 0.865984 -0.139536
v -1.014474 0.669094 -0.139536
v -1.178530 0.495065 -0.139536
v -1.318917 0.411857 -0.139536
v -1.459326 0.361816 -0.139536
v -1.459054 0.359889 -0.054928
v 1.956495 1.627465 -0.117811
v 1.159019 1.097415 0.000000
v 1.175426 1.896122 0.000000
v 1.159178 1.065502 -0.257569
v 1.175585 1.864209 -0.187506
v 1.175500 1.888486 -0.123296
v 1.159093 1.065678 -0.107953
v 1.147230 0.890148 -0.257036
v 1.147145 0.890324 -0.107421
v 1.201311 0.640681 -0.256593
v 1.201226 0.640856 -0.106978
v 1.270288 0.365586 -0.256121
v 1.270204 0.365761 -0.106506
v 1.312739 0.235367 -0.255884
v 1.312654 0.235543 -0.106269
v 1.328359 0.187454 -0.255797
v 1.328274 0.187630 -0.106182
v 1.382491 0.085518 -0.255521
v 1.382406 0.085694 -0.105905
v 1.446941 0.056060 -0.255434
v 1.446856 0.056236 -0.105818
v 1.533842 0.052203 -0.255312
v 1.533757 0.052379 -0.105697
v 1.576833 0.038819 -0.244189
v 1.576761 0.038969 -0.116657
v 1.167381 1.464856 -0.280818
v 1.167222 1.496769 0.000000
v 1.363565 1.217874 0.000000
v 1.381066 1.314132 0.000000
v 1.422632 1.905694 0.000000
v 1.387629 1.907471 0.000000
v 1.363724 1.217545 -0.234938
v 1.381225 1.313802 -0.234938
v 1.422791 1.894836 -0.187506
v 1.387788 1.886086 -0.187506
v 1.387704 1.910363 -0.123296
v 1.422706 1.919114 -0.123296
v 1.381141 1.313977 -0.123297
v 1.363639 1.217720 -0.123297
v 1.375756 1.551815 -0.265524
v 1.402008 1.604319 -0.250231
v 1.401849 1.615177 0.000000
v 1.375597 1.573201 0.000000
v 1.572578 1.724361 -0.188459
v 1.697736 1.840755 -0.170663
v 1.488534 1.941433 -0.234004
v 1.543488 1.965241 -0.221775
v 1.509983 1.794917 -0.201174
v 1.615865 1.891920 -0.186161
v 1.548212 1.964979 -0.247589
v 1.493257 1.941172 -0.259818
v 1.514707 1.794655 -0.226988
v 1.620588 1.891659 -0.211975
vt 0.000000 0.500000
vt 1.000000 0.500000
vt 1.000000 1.000000
vt 0.000000 1.000000
vt 1.000000 0.000000
vt 1.000000 0.000000
vt 1.000000 0.500000
vt 1.000000 0.000000
vt 1.000000 0.500000
vt 1.000000 0.500000
vt 1.000000 0.000000
vt 1.000000 0.000000
vt 1.000000 0.500000
vt 1.000000 0.500000
vt 1.000000 0.000000
vt 1.000000 0.000000
vt 1.000000 0.500000
vt 1.000000 0.000000
vt 1.000000 0.500000
vt 1.000000 0.000000
vt 1.000000 0.500000
vt 1.000000 0.000000
vt 1.000000 0.500000
vt 1.000000 0.000000
vt 1.000000 0.500000
vt 0.000000 1.000000
vt 0.000000 0.500000
vt 0.000000 0.500000
vt 0.000000 1.000000
vt 0.000000 1.000000
vt 0.000000 0.500000
vt 0.000000 1.000000
vt 0.000000 0.500000
vt 0.000000 1.000000
vt 0.000000 0.500000
vt 0.000000 1.000000
vt 0.000000 0.500000
vt 0.000000 1.000000
vt 0.000000 0.500000
vt 0.000000 1.000000
vt 0.000000 0.500000
vt 0.000000 1.000000
vt 0.000000 0.500000
vt 1.000000 1.000000
vt 1.000000 1.000000
vt 1.000000 1.000000
vt 0.000000 0.000000
vt 0.000000 0.000000
vt 0.000000 0.000000
vt 0.000000 0.000000
vt 1.000000 0.000000
vt 1.000000 0.000000
vt 0.000000 1.000000
vt 0.000000 1.000000
vt 0.000000 1.000000
vt 0.000000 1.000000
vt 1.000000 1.000000
vt 1.000000 1.000000
vt 1.000000 1.000000
vt 1.000000 1.000000
vt 0.000000 0.000000
vt 0.000000 0.000000
vt 0.000000 0.000000
vt 0.000000 0.000000
vt 1.000000 0.000000
vt 1.000000 0.000000
vt 0.000000 0.000000
vt 0.000000 0.000000
vt 0.000000 0.000000
vt 0.000000 0.000000
vt 1.000000 1.000000
vt 1.000000 1.000000
vt 1.000000 0.000000
vt 0.000000 1.000000
vt 1.000000 1.000000
vt 1.000000 1.000000
vt 0.000000 0.000000
vt 0.000000 0.000000
vt 1.000000 0.000000
vt 1.000000 0.000000
vt 1.000000 0.000000
vt 1.000000 0.500000
vt 1.000000 1.000000
vt 1.000000 1.000000
vt 1.000000 1.000000
vt 1.000000 1.000000
vt 1.000000 0.000000
vt 0.000000 1.000000
vt 0.000000 0.000000
vt 0.000000 0.000000
vt 1.000000 0.000000
vt 1.000000 0.000000
vt 0.000000 1.000000
vt 0.000000 1.000000
vt 0.000000 0.000000
vt 1.000000 0.000000
vt 0.000000 0.000000
vt 1.000000 1.000000
vt 1.000000 1.000000
vt 1.000000 1.000000
vt 1.000000 1.000000
vt 0.000000 0.000000
vt 0.000000 0.000000
vt 0.000000 0.000000
vt 0.000000 0.000000
vt 0.000000 1.000000
vt 0.000000 0.000000
vt 0.000000 0.000000
vt 1.000000 1.000000
vt 1.000000 1.000000
vt 0.000000 0.000000
vt 0.000000 1.000000
vt 0.000000 1.000000
vt 0.000000 1.000000
vt 1.000000 0.000000
vt 1.000000 0.000000
vt 0.000000 0.000000
vt 0.000000 0.000000
vt 1.000000 1.000000
vt 1.000000 1.000000
vt 0.000000 1.000000
vt 0.000000 1.000000
vt 1.000000 0.000000
vt 1.000000 0.000000
vt 0.000000 0.000000
vt 0.000000 0.000000
vt 1.000000 1.000000
vt 0.000000 1.000000
vt 0.000000 1.000000
vt 0.000000 0.000000
vt 0.000000 0.000000
vt 1.000000 1.000000
vt 1.000000 1.000000
vt 1.000000 0.000000
vt 0.000000 0.000000
vt 0.000000 0.000000
vt 1.000000 1.000000
vt 1.000000 1.000000
vt 0.000000 1.000000
vt 0.000000 1.000000
vt 1.000000 0.000000
vt 1.000000 0.000000
vt 1.000000 1.000000
vt 1.000000 1.000000
vt 1.000000 0.500000
vt 0.000000 0.000000
vt 1.000000 0.000000
vt 1.000000 0.000000
vt 1.000000 0.000000
vt 0.000000 0.000000
vt 1.000000 1.000000
vt 0.000000 1.000000
vt 0.000000 1.000000
vt 1.000000 0.000000
vt 1.000000 1.000000
vt 0.000000 0.000000
vt 1.000000 0.000000
vt 0.000000 0.000000
vt 0.000000 0.000000
vt 0.000000 0.000000
vt 0.000000 0.000000
vt 0.000000 0.000000
vt 0.000000 0.000000
vt 0.000000 0.000000
vt 0.000000 0.000000
vt 0.000000 0.000000
vt 0.000000 0.000000
vt 0.000000 0.000000
vt 0.000000 0.000000
vt 0.000000 0.000000
vt 0.000000 0.000000
vt 0.000000 0.000000
vt 0.000000 0.000000
vt 0.000000 0.000000
vt 0.000000 0.000000
vt 0.000000 0.000000
vt 0.000000 0.000000
vt 0.000000 0.000000
vt 0.000000 0.000000
vt 0.000000 0.000000
vt 0.000000 0.000000
vt 0.000000 0.000000
vt 0.000000 0.000000
vt 0.000000 0.000000
vt 0.000000 0.000000
vt 0.000000 0.000000
vt 0.000000 0.000000
vt 0.000000 0.000000
vt 0.000000 0.000000
vt 0.000000 0.000000
vt 0.000000 0.000000
vt 0.000000 0.000000
vt 0.000000 0.000000
vt 0.000000 0.000000
vt 0.000000 0.000000
vt 0.000000 0.000000
vt 0.000000 0.000000
vt 0.000000 0.000000
vt 0.000000 0.000000
vt 0.000000 0.000000
vt 0.000000 0.000000
vt 0.000000 0.000000
vt 0.000000 0.000000
vt 0.000000 0.000000
vt 0.000000 0.000000
vt 0.000000 0.000000
vt 0.000000 0.000000
vt 0.000000 0.000000
vt 0.000000 0.000000
vt 0.000000 0.000000
vt 0.000000 0.000000
vt 0.000000 0.000000
vt 0.000000 0.000000
vt 0.000000 0.000000
vt 0.000000 0.000000
vt 0.000000 0.000000
vt 0.000000 0.000000
vt 0.000000 0.000000
vt 0.000000 0.000000
vt 0.000000 0.000000
vt 0.000000 0.000000
vt 0.000000 0.000000
vt 0.000000 0.000000
vt 0.000000 0.000000
vt 0.000000 0.000000
vt 0.000000 0.000000
vt 0.000000 0.000000
vt 0.000000 0.000000
vt 0.000000 0.000000
vt 0.000000 0.000000
vt 0.000000 0.000000
vt 0.000000 0.000000
vt 0.000000 0.000000
vt 0.000000 0.000000
vt 0.000000 0.000000
vt 0.000000 0.000000
vt 0.000000 0.000000
vt 0.000000 0.000000
vt 0.000000 0.000000
vt 0.000000 0.000000
vt 0.000000 0.000000
vt 0.000000 0.000000
vt 0.000000 0.000000
vt 0.000000 0.000000
vt 0.000000 0.000000
vt 0.000000 0.000000
vt 0.000000 0.000000
vt 0.000000 0.000000
vt 0.000000 0.000000
vt 0.000000 0.000000
vt 0.000000 0.000000
vt 0.000000 0.000000
vt 0.000000 0.000000
vt 1.000000 0.000000
vt 1.000000 0.000000
vt 1.000000 0.000000
vt 1.000000 0.000000
vt 1.000000 0.000000
vt 1.000000 0.000000
vt 1.000000 0.000000
vt 1.000000 0.000000
vt 1.000000 0.000000
vt 1.000000 0.000000
vt 1.000000 0.000000
vt 1.000000 0.000000
vt 1.000000 0.000000
vt 1.000000 0.000000
vt 1.000000 0.000000
vt 1.000000 0.000000
vt 1.000000 0.000000
vt 1.000000 0.000000
vt 1.000000 0.000000
vt 1.000000 0.000000
vt 1.000000 0.000000
vt 1.000000 0.000000
vt 1.000000 0.000000
vt 1.000000 0.000000
vt 1.000000 0.000000
vt 1.000000 0.000000
vt 1.000000 0.000000
vt 1.000000 0.000000
vt 1.000000 0.000000
vt 1.000000 0.000000
vt 1.000000 0.000000
vt 1.000000 0.000000
vt 1.000000 0.000000
vt 1.000000 0.000000
vt 1.000000 0.567234
vt 1.000000 0.845303
vt 1.000000 1.000000
vt 0.000000 0.500000
vt 0.000000 0.500000
vt 0.000000 0.500000
vt 1.000000 0.500000
vt 1.000000 0.000000
vt 1.000000 0.000000
vt 1.000000 1.000000
vt 1.000000 1.000000
vt 1.000000 0.000000
vt 1.000000 0.845303
vt 1.000000 0.567234
vt 0.000000 0.000000
vt 0.000000 0.000000
vt 0.000000 0.000000
vt 0.000000 0.000000
vt 1.000000 0.845303
vt 1.000000 0.567234
vt 0.000000 0.000000
vt 0.000000 0.000000
vt 0.000000 0.000000
vt 0.000000 0.000000
vt 0.000000 0.500000
vt 1.000000 0.500000
vt 1.000000 0.500000
vt 1.000000 0.500000
vt 1.000000 0.500000
vt 1.000000 0.500000
vt 1.000000 0.500000
vt 1.000000 0.500000
vt 1.000000 0.500000
vt 1.000000 0.500000
vt 1.000000 0.500000
vt 0.000000 0.500000
vt 0.000000 0.500000
vt 0.000000 0.500000
vt 0.000000 0.500000
vt 0.000000 0.500000
vt 0.000000 0.500000
vt 0.000000 1.000000
vt 0.000000 0.500000
vt 0.000000 1.000000
vt 0.000000 0.500000
vt 0.000000 0.500000
vt 0.000000 1.000000
vt 1.000000 1.000000
vt 1.000000 0.500000
vt 1.000000 0.500000
vt 1.000000 0.000000
vt 1.000000 0.000000
vt 1.000000 0.500000
vt 1.000000 0.000000
vt 1.000000 0.500000
vt 1.000000 0.500000
vt 1.000000 0.000000
vt 1.000000 0.000000
vt 1.000000 0.500000
vt 1.000000 0.500000
vt 1.000000 0.000000
vt 1.000000 0.000000
vt 1.000000 0.500000
vt 1.000000 0.000000
vt 1.000000 0.500000
vt 1.000000 0.000000
vt 1.000000 0.500000
vt 1.000000 0.000000
vt 1.000000 0.500000
vt 1.000000 0.000000
vt 0.000000 0.500000
vt 0.000000 1.000000
vt 0.000000 0.500000
vt 0.000000 0.500000
vt 0.000000 1.000000
vt 0.000000 1.000000
vt 0.000000 0.500000
vt 0.000000 1.000000
vt 0.000000 0.500000
vt 0.000000 1.000000
vt 0.000000 0.500000
vt 0.000000 1.000000
vt 0.000000 0.500000
vt 0.000000 1.000000
vt 0.000000 0.500000
vt 0.000000 1.000000
vt 0.000000 0.500000
vt 0.000000 1.000000
vt 1.000000 1.000000
vt 1.000000 1.000000
vt 1.000000 1.000000
vt 0.000000 0.000000
vt 0.000000 0.000000
vt 0.000000 0.000000
vt 0.000000 0.000000
vt 1.000000 0.000000
vt 1.000000 0.000000
vt 0.000000 1.000000
vt 0.000000 1.000000
vt 0.000000 1.000000
vt 0.000000 1.000000
vt 1.000000 1.000000
vt 1.000000 1.000000
vt 1.000000 1.000000
vt 1.000000 1.000000
vt 0.000000 0.000000
vt 0.000000 0.000000
vt 0.000000 0.000000
vt 0.000000 0.000000
vt 1.000000 0.000000
vt 1.000000 0.000000
vt 0.000000 0.000000
vt 0.000000 0.000000
vt 0.000000 0.000000
vt 0.000000 0.000000
vt 1.000000 1.000000
vt 1.000000 1.000000
vt 1.000000 0.000000
vt 0.000000 1.000000
vt 0.000000 1.000000
vt 1.000000 1.000000
vt 1.000000 1.000000
vt 0.000000 0.000000
vt 0.000000 0.000000
vt 1.000000 0.000000
vt 1.000000 0.000000
vt 1.000000 0.000000
vt 1.000000 0.500000
vt 1.000000 1.000000
vt 1.000000 1.000000
vt 1.000000 1.000000
vt 1.000000 1.000000
vt 1.000000 0.000000
vt 0.000000 1.000000
vt 0.000000 0.000000
vt 0.000000 0.000000
vt 1.000000 0.000000
vt 1.000000 0.000000
vt 0.000000 1.000000
vt 0.000000 1.000000
vt 0.000000 0.000000
vt 0.000000 0.000000
vt 1.000000 0.000000
vt 1.000000 1.000000
vt 1.000000 1.000000
vt 1.000000 1.000000
vt 1.000000 1.000000
vt 0.000000 0.000000
vt 0.000000 0.000000
vt 0.000000 0.000000
vt 0.000000 0.000000
vt 0.000000 1.000000
vt 0.000000 0.000000
vt 0.000000 0.000000
vt 1.000000 1.000000
vt 1.000000 1.000000
vt 0.000000 0.000000
vt 0.000000 0.000000
vt 0.000000 0.000000
vt 1.000000 0.000000
vt 0.000000 0.000000
vt 0.000000 0.000000
vt 0.000000 0.000000
vt 0.000000 0.000000
vt 0.000000 0.000000
vt 0.000000 0.000000
vt 0.000000 0.000000
vt 0.000000 0.000000
vt 0.000000 0.000000
vt 0.000000 0.000000
vt 0.000000 0.000000
vt 0.000000 0.000000
vt 0.000000 0.000000
vt 0.000000 0.000000
vt 0.000000 0.000000
vt 0.000000 0.000000
vt 0.000000 0.000000
vt 0.000000 0.000000
vt 0.000000 0.000000
vt 0.000000 0.000000
vt 0.000000 0.000000
vt 0.000000 0.000000
vt 0.000000 0.000000
vt 0.000000 0.000000
vt 0.000000 0.000000
vt 0.000000 0.000000
vt 0.000000 0.000000
vt 0.000000 0.000000
vt 0.000000 0.000000
vt 0.000000 0.000000
vt 0.000000 0.000000
vt 0.000000 0.000000
vt 0.000000 0.000000
vt 0.000000 0.000000
vt 0.000000 0.000000
vt 0.000000 0.000000
vt 0.000000 0.000000
vt 0.000000 0.000000
vt 0.000000 0.000000
vt 0.000000 0.000000
vt 0.000000 0.000000
vt 0.000000 0.000000
vt 0.000000 0.000000
vt 0.000000 0.000000
vt 0.000000 0.000000
vt 0.000000 0.000000
vt 0.000000 0.000000
vt 0.000000 0.000000
vt 0.000000 0.000000
vt 0.000000 0.000000
vt 0.000000 0.000000
vt 0.000000 0.000000
vt 0.000000 0.000000
vt 0.000000 0.000000
vt 0.000000 0.000000
vt 0.000000 0.000000
vt 0.000000 0.000000
vt 0.000000 0.000000
vt 0.000000 0.000000
vt 0.000000 0.000000
vt 0.000000 0.000000
vt 0.000000 0.000000
vt 0.000000 0.000000
vt 0.000000 0.000000
vt 0.000000 0.000000
vt 0.000000 0.000000
vt 0.000000 0.000000
vt 0.000000 0.000000
vt 0.000000 0.000000
vt 0.000000 0.000000
vt 0.000000 0.000000
vt 0.000000 0.000000
vt 0.000000 0.000000
vt 0.000000 0.000000
vt 0.000000 0.000000
vt 0.000000 0.000000
vt 0.000000 0.000000
vt 0.000000 0.000000
vt 0.000000 0.000000
vt 0.000000 0.000000
vt 0.000000 0.000000
vt 0.000000 0.000000
vt 0.000000 0.000000
vt 0.000000 0.000000
vt 0.000000 0.000000
vt 0.000000 0.000000
vt 0.000000 0.000000
vt 0.000000 0.000000
vt 0.000000 0.000000
vt 0.000000 0.000000
vt 0.000000 0.000000
vt 0.000000 0.000000
vt 0.000000 0.000000
vt 0.000000 0.000000
vt 0.000000 0.000000
vt 0.000000 0.000000
vt 1.000000 0.000000
vt 1.000000 0.000000
vt 1.000000 0.000000
vt 1.000000 0.000000
vt 1.000000 0.000000
vt 1.000000 0.000000
vt 1.000000 0.000000
vt 1.000000 0.000000
vt 1.000000 0.000000
vt 1.000000 0.000000
vt 1.000000 0.000000
vt 1.000000 0.000000
vt 1.000000 0.000000
vt 1.000000 0.000000
vt 1.000000 0.000000
vt 1.000000 0.000000
vt 1.000000 0.000000
vt 1.000000 0.000000
vt 1.000000 0.000000
vt 1.000000 0.000000
vt 1.000000 0.000000
vt 1.000000 0.000000
vt 1.000000 0.000000
vt 1.000000 0.000000
vt 1.000000 0.000000
vt 1.000000 0.000000
vt 1.000000 0.000000
vt 1.000000 0.000000
vt 1.000000 0.000000
vt 1.000000 0.000000
vt 1.000000 0.000000
vt 1.000000 0.000000
vt 1.000000 0.000000
vt 1.000000 0.000000
vt 1.000000 0.845303
vt 1.000000 0.567234
vt 1.000000 1.000000
vt 0.000000 0.000000
vt 0.000000 0.000000
vt 1.000000 0.500000
vt 1.000000 0.500000
vt 1.000000 0.000000
vt 1.000000 1.000000
vt 1.000000 0.000000
vt 1.000000 0.845303
vt 1.000000 0.567234
vt 0.000000 0.000000
vt 0.000000 0.000000
vt 0.000000 0.000000
vt 0.000000 0.000000
vt 1.000000 0.567234
vt 1.000000 0.845303
vt 0.000000 0.000000
vt 0.000000 0.000000
vt 0.000000 0.000000
vt 0.000000 0.000000
vt 0.000000 1.000000
vt 0.000000 0.500000
vt 0.000000 1.000000
vt 0.000000 0.500000
vt 0.000000 0.000000
vt 0.000000 0.000000
vt 0.000000 0.000000
vt 0.000000 0.000000
vt 0.000000 1.000000
vt 0.000000 0.500000
vt 0.000000 1.000000
vt 0.000000 0.500000
vt 0.000000 1.000000
vt 0.000000 0.500000
vt 0.000000 1.000000
vt 0.000000 0.000000
vt 0.000000 0.000000
vt 0.000000 0.000000
vt 0.000000 0.000000
vt 0.000000 1.000000
vt 0.000000 0.500000
vt 0.000000 1.000000
vt 0.000000 0.000000
vt 0.000000 0.000000
vt 0.000000 0.000000
vt 0.000000 0.000000
vt 0.000000 0.000000
vt 0.000000 0.000000
vt 0.000000 0.000000
vt 0.000000 0.000000
vt 0.000000 0.000000
vt 0.000000 0.000000
vt 0.000000 0.000000
vt 0.000000 0.000000
vt 0.000000 0.000000
vt 0.000000 0.000000
vt 0.000000 0.000000
vt 0.000000 0.000000
vt 0.000000 0.000000
vt 0.000000 0.000000
vt 0.000000 0.000000
vt 0.000000 0.000000
vt 0.000000 0.000000
vt 0.000000 0.000000
vt 0.000000 0.000000
vt 0.000000 0.000000
vt 0.000000 0.000000
vt 0.000000 0.000000
vt 0.000000 0.000000
vt 0.000000 0.000000
vt 0.000000 0.000000
vt 0.000000 0.000000
vt 0.000000 0.000000
vt 0.000000 0.000000
vt 0.000000 0.000000
vt 0.000000 0.000000
vt 0.000000 0.000000
vt 0.000000 0.000000
vt 0.000000 0.000000
vt 0.000000 0.000000
vt 1.000000 0.000000
vt 1.000000 0.000000
vt 1.000000 0.000000
vt 1.000000 0.000000
vt 1.000000 0.000000
vt 1.000000 0.000000
vt 1.000000 0.000000
vt 1.000000 0.000000
vt 1.000000 0.000000
vt 1.000000 0.000000
vt 1.000000 0.000000
vt 1.000000 0.000000
vt 1.000000 0.000000
vt 1.000000 0.000000
vt 1.000000 0.000000
vt 1.000000 0.000000
vt 1.000000 0.000000
vt 1.000000 0.000000
vt 0.000000 0.000000
vt 0.000000 0.000000
vt 0.000000 0.000000
vt 0.000000 0.000000
vt 0.000000 0.000000
vt 0.000000 0.000000
vt 0.000000 0.000000
vt 0.000000 0.000000
vt 0.000000 0.000000
vt 0.000000 0.000000
vt 0.000000 0.000000
vt 0.000000 0.000000
vt 0.000000 0.000000
vt 0.000000 0.000000
vt 0.000000 0.000000
vt 0.000000 0.000000
vt 0.000000 0.000000
vt 0.000000 0.000000
vt 0.000000 0.000000
vt 0.000000 0.000000
vt 0.000000 0.000000
vt 0.000000 0.000000
vt 0.000000 0.000000
vt 0.000000 0.000000
vt 0.000000 0.000000
vt 0.000000 0.000000
vt 0.000000 0.000000
vt 0.000000 0.000000
vt 0.000000 0.000000
vt 0.000000 0.000000
vt 0.000000 0.000000
vt 0.000000 0.000000
vt 0.000000 0.000000
vt 0.000000 0.000000
vt 0.000000 0.000000
vt 0.000000 0.000000
vt 0.000000 0.000000
vt 0.000000 0.000000
vt 1.000000 0.000000
vt 1.000000 0.000000
vt 1.000000 0.000000
vt 1.000000 0.000000
vt 1.000000 0.000000
vt 1.000000 0.000000
vt 1.000000 0.000000
vt 1.000000 0.000000
vt 1.000000 0.000000
vt 1.000000 0.000000
vt 1.000000 0.000000
vt 1.000000 0.000000
vt 1.000000 0.000000
vt 1.000000 0.000000
vt 1.000000 0.000000
vt 1.000000 0.000000
vt 1.000000 0.000000
vt 1.000000 0.000000
vn 0.0222 0.2465 0.9689
vn 0.0062 -0.1155 0.9933
vn 0.0329 -0.1108 0.9933
vn 0.0827 -0.0895 0.9925
vn 0.5463 -0.0749 0.8343
vn 0.2251 -0.0108 0.9743
vn 0.0622 -0.0609 0.9962
vn 0.0727 -0.1433 0.9870
vn 0.2570 -0.1202 0.9589
vn 0.0679 0.2790 0.9579
vn -0.1031 0.3994 0.9110
vn 0.0468 0.3145 0.9481
vn -0.0175 0.3446 0.9386
vn -0.7013 0.1337 0.7002
vn -0.2496 0.0803 0.9650
vn 0.0000 0.0000 1.0000
vn -0.1676 0.9221 0.3488
vn -0.7892 -0.0558 0.6116
vn -0.2578 -0.9662 -0.0025
vn -0.9899 0.1414 0.0021
vn 0.1940 0.9177 0.3467
vn 0.2169 0.9762 0.0036
vn 0.9899 -0.1414 -0.0021
vn 0.2524 -0.9676 -0.0017
vn 0.0131 0.0009 0.9999
vn -0.3573 0.8735 0.3307
vn 0.6585 -0.7526 -0.0042
vn -0.8947 0.4466 0.0029
vn 0.3885 0.9214 0.0046
vn 0.9144 -0.4049 -0.0028
vn 0.9054 -0.4246 -0.0014
vn -0.1438 -0.0783 0.9865
vn 0.9902 0.1395 -0.0013
vn -0.0691 0.9331 0.3529
vn 0.7433 -0.6690 -0.0040
vn -0.7228 0.6910 -0.0024
vn 0.9450 0.3270 -0.0008
vn 0.7349 -0.6782 -0.0021
vn 0.9839 -0.1789 -0.0010
vn -0.8426 0.5230 0.1285
vn -0.2461 -0.9692 -0.0013
vn -0.2277 0.9107 0.3446
vn 0.0116 0.0033 -0.9999
vn 0.1094 0.9298 0.3514
vn 0.0437 0.9345 0.3533
vn -0.4969 -0.8678 -0.0010
vn 0.3068 -0.9518 -0.0021
vn -0.9998 0.0202 0.0023
vn -0.1260 0.9672 0.2206
vn 1.0000 -0.0000 -0.0017
vn 0.0159 -0.9999 -0.0016
vn -0.4125 0.8519 0.3226
vn -0.4360 0.8979 0.0611
vn 0.0154 -0.9683 -0.2493
vn 1.0000 0.0000 -0.0004
vn -0.1575 0.9828 -0.0969
vn -0.9998 0.0200 0.0004
vn 0.3070 -0.9517 -0.0014
vn -0.5324 -0.8395 -0.1083
vn 0.0466 0.9970 0.0617
vn 0.1166 0.9913 0.0613
vn -0.2648 -0.9442 -0.1959
vn -0.0991 0.9949 0.0192
vn -0.2010 -0.9715 -0.1255
vn -0.8490 0.5278 0.0246
vn 0.9839 -0.1789 -0.0008
vn 0.7360 -0.6769 0.0056
vn 0.9429 0.3264 0.0658
vn -0.7254 0.6883 -0.0041
vn 0.7423 -0.6681 0.0506
vn -0.0737 0.9954 0.0617
vn 0.9879 0.1392 0.0686
vn -0.0921 -0.9827 -0.1609
vn 0.2125 -0.9680 -0.1336
vn 0.9183 -0.3802 -0.1100
vn 0.3774 0.9259 0.0142
vn -0.0695 0.9953 0.0670
vn -0.8947 0.4466 0.0007
vn 0.6578 -0.7518 0.0446
vn -0.3780 0.9240 0.0575
vn -0.1410 -0.9415 -0.3062
vn 0.2449 -0.9389 -0.2418
vn 0.9878 -0.1497 -0.0436
vn 0.2169 0.9762 0.0011
vn 0.2193 0.9737 0.0624
vn -0.9899 0.1414 0.0005
vn -0.2527 -0.9675 -0.0099
vn -0.3167 -0.9120 -0.2607
vn -0.1786 0.9820 0.0609
vn 0.9725 -0.2328 -0.0011
vn 0.1604 0.0118 0.9870
vn -0.4011 -0.2681 -0.8759
vn -0.4907 -0.3218 0.8097
vn 0.1093 0.0025 -0.9940
vn 0.5594 -0.0434 -0.8277
vn -0.9865 -0.1639 0.0059
vn 0.9759 -0.2183 -0.0011
vn 0.0995 -0.0006 0.9950
vn -0.3170 -0.0529 -0.9469
vn -0.0374 0.0007 -0.9993
vn 0.9025 -0.4308 -0.0014
vn 0.3014 -0.0654 0.9513
vn -0.5477 -0.0222 -0.8364
vn -0.0188 -0.0598 -0.9980
vn 0.0476 0.0677 0.9966
vn -0.7916 -0.6110 0.0018
vn 0.1283 -0.0225 -0.9915
vn -0.3436 -0.1377 0.9290
vn 0.1755 0.1362 -0.9750
vn -0.9513 0.3083 0.0017
vn 0.0685 -0.0342 0.9971
vn -0.0293 0.0082 -0.9995
vn 0.8494 -0.5277 -0.0015
vn 0.0701 0.0008 0.9975
vn -0.9990 -0.0437 0.0011
vn 0.1931 -0.0381 -0.9804
vn -0.5672 -0.0214 0.8233
vn 0.1502 0.0089 -0.9886
vn -0.4570 -0.0105 0.8894
vn -0.9035 0.4285 0.0014
vn 0.0760 -0.0373 0.9964
vn -0.0156 0.0086 -0.9998
vn 0.9035 -0.4285 -0.0014
vn 0.2017 -0.1654 -0.9654
vn -0.3660 0.1982 0.9093
vn 0.1133 -0.0228 -0.9933
vn -0.4338 0.2520 0.8651
vn -0.4159 0.2048 -0.8860
vn 0.3622 -0.2670 0.8930
vn 0.0102 0.0011 0.9999
vn 0.1081 0.0199 -0.9939
vn -0.8483 -0.5295 0.0005
vn -0.0787 -0.0282 0.9965
vn 0.1494 -0.0696 -0.9863
vn -0.2284 0.1071 0.9677
vn 0.0666 -0.0303 -0.9973
vn -0.4941 0.2333 0.8375
vn -0.3371 0.1610 -0.9276
vn 0.3255 -0.1555 0.9327
vn -0.5453 -0.3202 0.7746
vn 0.0786 0.0478 -0.9958
vn 0.0093 0.0036 0.9999
vn 0.1131 0.0193 -0.9934
vn 0.0593 0.0285 -0.9978
vn -0.4570 -0.2097 0.8644
vn -0.1845 -0.0503 -0.9815
vn 0.5188 0.0791 0.8513
vn 0.9894 -0.1449 -0.0014
vn -0.0169 -0.0034 -0.9999
vn -0.0227 -0.1535 -0.9879
vn 0.9894 -0.1449 -0.0011
vn 0.4023 0.0606 0.9135
vn -0.2911 -0.1373 -0.9468
vn -0.4564 -0.0481 0.8885
vn 0.0579 0.0074 -0.9983
vn -0.0037 -0.1013 0.9949
vn -0.9992 0.0412 0.0010
vn 0.1227 -0.0803 -0.9892
vn -0.1306 -0.1163 0.9846
vn 0.5205 0.3190 0.7921
vn -0.1538 -0.1244 -0.9802
vn -0.5017 -0.4130 0.7601
vn 0.0736 0.0623 -0.9953
vn -0.1644 -0.0943 -0.9819
vn 0.5802 0.1365 0.8029
vn 0.9704 0.2417 -0.0012
vn -0.0054 -0.0086 -0.9999
vn -0.1122 -0.0366 0.9930
vn -0.8633 -0.5047 0.0007
vn 0.8097 0.5869 -0.0006
vn 0.5264 0.3803 0.7605
vn -0.1579 -0.1128 -0.9810
vn -0.5192 -0.3777 0.7667
vn 0.8699 0.4932 -0.0008
vn 0.0059 0.0067 -1.0000
vn -0.0645 -0.1042 0.9925
vn -0.7731 -0.6343 0.0005
vn 0.0911 0.0644 -0.9938
vn 0.0087 0.0053 0.9999
vn 0.0061 0.0062 -1.0000
vn -0.0061 -0.0062 1.0000
vn -0.8097 -0.5869 0.0006
vn 0.1099 0.0814 -0.9906
vn 0.0089 0.0048 0.9999
vn 0.0756 0.0565 -0.9955
vn -0.8990 -0.4379 0.0010
vn 0.9900 0.1410 -0.0005
vn 0.1130 -0.0290 -0.9932
vn -0.1447 -0.0291 0.9891
vn -0.9063 -0.4227 0.0000
vn 0.1837 0.0404 -0.9821
vn -0.2130 -0.0559 0.9755
vn 0.1493 0.0285 -0.9884
vn -0.9598 -0.2808 0.0003
vn 0.9508 0.3099 -0.0002
vn -0.9486 -0.3164 0.0002
vn 0.9855 0.1694 -0.0005
vn -0.2594 -0.0773 0.9627
vn -0.2931 -0.0973 0.9511
vn 0.2039 0.0682 -0.9766
vn -0.9508 -0.3099 0.0002
vn 0.2297 0.0998 -0.9681
vn -0.8232 -0.5678 -0.0003
vn 0.9628 0.2704 -0.0003
vn -0.2984 -0.1868 0.9360
vn 0.0810 0.0228 0.9965
vn -0.7026 -0.3598 0.6139
vn -0.0029 -0.0476 0.9989
vn -0.0079 -0.1072 0.9942
vn 0.0286 -0.0759 0.9967
vn 0.5005 0.2717 0.8220
vn 0.1522 0.2327 0.9606
vn 0.0253 0.1298 0.9912
vn 0.2015 0.1536 0.9674
vn 0.0482 0.1963 0.9794
vn -0.0310 0.2338 0.9718
vn -0.0820 0.2210 0.9718
vn -0.0238 -0.1233 0.9921
vn 0.2119 -0.0479 -0.9761
vn -0.1303 -0.0799 -0.9883
vn -0.0295 0.2225 0.9745
vn 0.3305 0.1365 0.9339
vn -0.2049 -0.0650 -0.9766
vn 0.2941 0.0942 0.9511
vn -0.2113 -0.1283 -0.9690
vn 0.2667 0.0546 0.9622
vn -0.1472 -0.0357 -0.9885
vn 0.2186 0.0375 0.9751
vn -0.1803 -0.0509 -0.9823
vn 0.1674 -0.0500 0.9846
vn -0.1002 -0.0146 -0.9949
vn 0.2667 -0.9294 -0.2553
vn -0.0408 -0.0829 0.9957
vn 0.0091 0.2337 0.9723
vn -0.0980 0.9840 -0.1490
vn -0.0989 0.9929 -0.0656
vn 0.6076 -0.0977 0.7882
vn 0.5869 -0.0899 0.8046
vn -0.3380 0.2254 -0.9138
vn 0.0259 0.1411 0.9897
vn -0.9678 -0.1809 0.1752
vn 0.2878 -0.1706 0.9424
vn 0.6779 0.7258 -0.1167
vn -0.3814 0.9210 0.0791
vn -0.5163 -0.8521 0.0859
vn -0.2463 0.1215 -0.9616
vn -0.7305 -0.6710 0.1269
vn 0.0222 0.2465 -0.9689
vn 0.0062 -0.1155 -0.9933
vn 0.0329 -0.1108 -0.9933
vn 0.0827 -0.0895 -0.9925
vn 0.5463 -0.0749 -0.8343
vn 0.2251 -0.0108 -0.9743
vn 0.0622 -0.0609 -0.9962
vn 0.0727 -0.1433 -0.9870
vn 0.2570 -0.1202 -0.9589
vn 0.0679 0.2790 -0.9579
vn -0.1031 0.3994 -0.9110
vn 0.0468 0.3145 -0.9481
vn -0.0175 0.3446 -0.9386
vn -0.7013 0.1336 -0.7002
vn -0.2496 0.0803 -0.9650
vn -0.0000 0.0000 -1.0000
vn -0.1676 0.9221 -0.3488
vn -0.7892 -0.0558 -0.6116
vn -0.2578 -0.9662 0.0025
vn -0.9899 0.1414 -0.0021
vn 0.1940 0.9177 -0.3467
vn 0.2169 0.9762 -0.0036
vn 0.9899 -0.1414 0.0021
vn 0.2524 -0.9676 0.0017
vn 0.0131 0.0009 -0.9999
vn -0.3573 0.8735 -0.3307
vn 0.6585 -0.7526 0.0042
vn -0.8947 0.4466 -0.0029
vn -0.0676 0.9332 -0.3529
vn 0.3885 0.9214 -0.0046
vn 0.9144 -0.4049 0.0028
vn 0.9054 -0.4246 0.0014
vn -0.1438 -0.0783 -0.9865
vn 0.9902 0.1395 0.0013
vn -0.0691 0.9331 -0.3529
vn 0.7433 -0.6690 0.0040
vn -0.7222 0.6916 0.0022
vn 0.9450 0.3270 0.0008
vn 0.7345 -0.6786 0.0016
vn 0.9839 -0.1789 0.0010
vn -0.8426 0.5230 -0.1285
vn -0.2461 -0.9692 0.0013
vn -0.2277 0.9107 -0.3446
vn 0.0116 0.0033 0.9999
vn 0.1094 0.9298 -0.3514
vn 0.0437 0.9345 -0.3533
vn -0.4969 -0.8678 0.0010
vn 0.3068 -0.9518 0.0021
vn -0.9998 0.0202 -0.0023
vn -0.1260 0.9672 -0.2206
vn 1.0000 -0.0000 0.0017
vn 0.0159 -0.9999 0.0016
vn -0.4125 0.8519 -0.3226
vn -0.4360 0.8979 -0.0611
vn 0.0154 -0.9683 0.2493
vn 1.0000 0.0000 0.0004
vn -0.1575 0.9828 0.0969
vn -0.9998 0.0200 -0.0004
vn 0.3070 -0.9517 0.0014
vn -0.5324 -0.8395 0.1083
vn 0.0466 0.9970 -0.0617
vn 0.1166 0.9913 -0.0613
vn -0.2648 -0.9442 0.1959
vn -0.0991 0.9949 -0.0192
vn -0.2010 -0.9715 0.1255
vn -0.8490 0.5278 -0.0246
vn 0.9839 -0.1789 0.0008
vn 0.7359 -0.6771 -0.0064
vn 0.9429 0.3264 -0.0658
vn -0.7251 0.6887 0.0059
vn 0.7423 -0.6681 -0.0506
vn -0.0737 0.9954 -0.0617
vn 0.9879 0.1392 -0.0686
vn -0.0921 -0.9827 0.1609
vn 0.2125 -0.9680 0.1336
vn 0.9183 -0.3802 0.1100
vn 0.3774 0.9259 -0.0142
vn -0.0695 0.9953 -0.0670
vn -0.8947 0.4466 -0.0007
vn 0.6579 -0.7518 -0.0446
vn -0.3780 0.9240 -0.0575
vn -0.1410 -0.9415 0.3062
vn 0.2449 -0.9389 0.2418
vn 0.9878 -0.1497 0.0436
vn 0.2169 0.9762 -0.0011
vn -0.9899 0.1414 -0.0005
vn -0.2527 -0.9675 0.0099
vn -0.3167 -0.9120 0.2607
vn -0.1786 0.9820 -0.0609
vn 0.9725 -0.2328 0.0011
vn 0.1604 0.0118 -0.9870
vn -0.4011 -0.2681 0.8759
vn -0.4907 -0.3218 -0.8097
vn 0.1093 0.0025 0.9940
vn 0.5594 -0.0434 0.8277
vn -0.9865 -0.1639 -0.0059
vn 0.9759 -0.2183 0.0011
vn 0.0995 -0.0006 -0.9950
vn -0.3170 -0.0529 0.9469
vn -0.0374 0.0007 0.9993
vn 0.9025 -0.4308 0.0014
vn 0.3014 -0.0654 -0.9513
vn -0.5477 -0.0222 0.8364
vn -0.0188 -0.0598 0.9980
vn 0.0476 0.0677 -0.9966
vn -0.7916 -0.6110 -0.0018
vn 0.1283 -0.0225 0.9915
vn -0.3436 -0.1377 -0.9290
vn 0.1755 0.1362 0.9750
vn -0.9513 0.3083 -0.0017
vn 0.0685 -0.0342 -0.9971
vn -0.0293 0.0082 0.9995
vn 0.8494 -0.5277 0.0015
vn 0.0701 0.0008 -0.9975
vn -0.9990 -0.0438 -0.0011
vn 0.1931 -0.0381 0.9804
vn -0.5672 -0.0214 -0.8233
vn 0.1502 0.0089 0.9886
vn -0.4570 -0.0105 -0.8894
vn -0.9035 0.4285 -0.0014
vn 0.0760 -0.0373 -0.9964
vn -0.0156 0.0086 0.9998
vn 0.9035 -0.4285 0.0014
vn 0.2017 -0.1654 0.9654
vn -0.3660 0.1982 -0.9093
vn 0.1133 -0.0228 0.9933
vn -0.4338 0.2520 -0.8651
vn -0.4159 0.2048 0.8860
vn 0.3622 -0.2670 -0.8930
vn 0.0102 0.0011 -0.9999
vn 0.1081 0.0199 0.9939
vn -0.8483 -0.5295 -0.0005
vn -0.0787 -0.0282 -0.9965
vn 0.1494 -0.0696 0.9863
vn -0.2284 0.1071 -0.9677
vn 0.0666 -0.0303 0.9973
vn -0.4941 0.2333 -0.8375
vn -0.3371 0.1610 0.9276
vn 0.3255 -0.1555 -0.9327
vn -0.5453 -0.3203 -0.7746
vn 0.0786 0.0478 0.9958
vn 0.0093 0.0036 -0.9999
vn 0.1131 0.0193 0.9934
vn 0.0593 0.0285 0.9978
vn -0.4570 -0.2097 -0.8644
vn -0.1845 -0.0503 0.9815
vn 0.5188 0.0791 -0.8513
vn 0.9894 -0.1449 0.0014
vn -0.0169 -0.0034 0.9999
vn -0.0227 -0.1535 0.9879
vn 0.9894 -0.1449 0.0011
vn 0.4023 0.0606 -0.9135
vn -0.2911 -0.1373 0.9468
vn -0.4564 -0.0481 -0.8885
vn 0.0579 0.0074 0.9983
vn -0.0037 -0.1013 -0.9949
vn -0.9992 0.0412 -0.0010
vn 0.1227 -0.0803 0.9892
vn -0.1306 -0.1163 -0.9846
vn 0.5205 0.3190 -0.7921
vn -0.1538 -0.1244 0.9802
vn -0.5017 -0.4130 -0.7601
vn 0.0736 0.0623 0.9953
vn -0.1644 -0.0943 0.9819
vn 0.5802 0.1365 -0.8029
vn 0.9704 0.2417 0.0012
vn -0.0054 -0.0086 0.9999
vn -0.1122 -0.0366 -0.9930
vn -0.8633 -0.5047 -0.0007
vn 0.8097 0.5869 0.0006
vn 0.5264 0.3803 -0.7605
vn -0.1579 -0.1128 0.9810
vn -0.5192 -0.3777 -0.7667
vn 0.8699 0.4932 0.0008
vn 0.0059 0.0067 1.0000
vn -0.0645 -0.1042 -0.9925
vn -0.7731 -0.6343 -0.0005
vn 0.0911 0.0644 0.9938
vn 0.0087 0.0053 -0.9999
vn 0.0061 0.0062 1.0000
vn -0.0061 -0.0062 -1.0000
vn -0.8097 -0.5869 -0.0006
vn 0.1099 0.0814 0.9906
vn 0.0089 0.0048 -0.9999
vn 0.0756 0.0565 0.9955
vn -0.8990 -0.4379 -0.0010
vn 0.9900 0.1410 0.0005
vn 0.1130 -0.0290 0.9932
vn -0.1447 -0.0291 -0.9891
vn 0.1837 0.0404 0.9821
vn -0.2130 -0.0559 -0.9755
vn 0.1493 0.0285 0.9884
vn -0.9598 -0.2808 -0.0003
vn 0.9508 0.3099 0.0002
vn -0.9486 -0.3164 -0.0002
vn 0.9855 0.1694 0.0005
vn -0.2594 -0.0773 -0.9627
vn -0.2931 -0.0973 -0.9511
vn 0.2039 0.0682 0.9766
vn -0.9508 -0.3099 -0.0002
vn 0.2297 0.0998 0.9681
vn -0.8232 -0.5678 0.0003
vn 0.9628 0.2704 0.0003
vn -0.2984 -0.1868 -0.9360
vn 0.0810 0.0228 -0.9965
vn -0.7026 -0.3598 -0.6139
vn -0.0029 -0.0476 -0.9989
vn -0.0079 -0.1072 -0.9942
vn -0.0661 -0.1406 -0.9879
vn 0.5005 0.2717 -0.8220
vn 0.1522 0.2327 -0.9606
vn 0.0253 0.1298 -0.9912
vn 0.2015 0.1536 -0.9674
vn 0.0482 0.1963 -0.9794
vn -0.0820 0.2210 -0.9718
vn -0.0315 0.2314 -0.9723
vn 0.2119 -0.0479 0.9761
vn -0.1303 -0.0799 0.9883
vn -0.0295 0.2225 -0.9745
vn 0.3305 0.1365 -0.9339
vn -0.2049 -0.0650 0.9766
vn 0.2941 0.0942 -0.9511
vn -0.2113 -0.1283 0.9690
vn 0.2667 0.0546 -0.9622
vn -0.1472 -0.0357 0.9885
vn 0.2186 0.0375 -0.9751
vn -0.1803 -0.0509 0.9823
vn 0.1674 -0.0500 -0.9846
vn -0.1002 -0.0146 0.9949
vn 0.2667 -0.9294 0.2553
vn -0.0408 -0.0829 -0.9957
vn 0.0091 0.2337 -0.9723
vn 0.0251 0.2184 -0.9755
vn -0.0980 0.9840 0.1490
vn -0.0989 0.9929 0.0656
vn 0.6076 -0.0977 -0.7882
vn 0.5869 -0.0899 -0.8046
vn -0.3380 0.2254 0.9138
vn 0.0259 0.1411 -0.9897
vn -0.9678 -0.1809 -0.1752
vn 0.2878 -0.1706 -0.9424
vn 0.6779 0.7258 0.1167
vn -0.3814 0.9210 -0.0791
vn -0.5163 -0.8521 -0.0859
vn -0.2463 0.1215 0.9616
vn -0.7305 -0.6710 -0.1269
vn 0.4501 -0.8929 0.0098
vn -0.0676 0.9332 0.3529
vn -0.5069 0.8617 -0.0218
vn 0.5256 -0.8507 0.0124
vn -0.8623 -0.5063 0.0026
vn -0.2197 0.9748 -0.0391
vn -0.2045 0.9785 -0.0258
vn -0.8620 -0.5069 0.0005
vn 0.5311 -0.8470 0.0250
vn -0.5246 0.8511 -0.0232
vn 0.4384 -0.8987 0.0134
vn -0.8654 -0.5010 0.0116
vn -0.0661 -0.1406 0.9879
vn -0.0315 0.2314 0.9723
vn 0.0251 0.2184 0.9755
vn 0.4489 -0.8933 -0.0205
vn -0.5021 0.8646 0.0208
vn 0.5237 -0.8518 -0.0150
vn -0.8637 -0.5039 -0.0046
vn -0.2211 0.9741 0.0466
vn -0.2077 0.9776 0.0355
vn -0.8620 -0.5069 -0.0005
vn 0.5302 -0.8473 -0.0306
vn -0.5220 0.8523 0.0321
vn 0.2193 0.9737 -0.0624
vn 0.4398 -0.8979 -0.0174
vn -0.8664 -0.4990 -0.0194
vn 0.0286 -0.0759 -0.9967
vn -0.0310 0.2338 -0.9718
vn -0.0238 -0.1233 -0.9921
vn 0.0488 0.9988 0.0001
vn 0.1133 0.6959 0.7092
vn -0.0045 -0.0135 -0.9999
vn -0.0688 -0.5583 0.8268
vn 0.0007 -0.0108 0.9999
vn -0.0007 0.0108 -0.9999
vn 0.2806 0.9598 -0.0006
vn 0.1435 0.6887 0.7107
vn 0.0024 0.0108 -0.9999
vn -0.0024 -0.0108 0.9999
vn -0.0422 -0.9991 -0.0001
vn -0.0184 -0.1052 -0.9943
vn 0.0045 0.0135 0.9999
vn 0.0090 0.0762 -0.9970
vn 0.0446 0.0431 -0.9981
vn 0.0058 0.0115 0.9999
vn 0.0932 -0.1093 -0.9896
vn -0.0029 -0.0130 0.9999
vn 0.1168 -0.2272 -0.9668
vn -0.3494 -0.3315 0.8764
vn -0.0073 -0.2046 -0.9788
vn 0.1282 0.7890 0.6009
vn 0.0488 0.9988 0.0006
vn -0.0726 -0.1154 -0.9907
vn 0.0604 -0.9982 0.0001
vn 0.3725 -0.1075 0.9218
vn 0.0034 0.0111 -0.9999
vn 0.0210 -0.9998 0.0001
vn -0.0233 -0.1038 -0.9943
vn 0.0026 0.0204 0.9998
vn -0.0038 0.1076 -0.9942
vn 0.0156 -0.6896 0.7241
vn -0.0026 -0.0204 -0.9998
vn 0.9480 0.3183 -0.0017
vn 0.9899 -0.1420 -0.0017
vn 0.7834 -0.6215 -0.0013
vn 0.3468 -0.9380 -0.0005
vn 0.3621 -0.1600 0.9183
vn 0.0194 0.1348 -0.9907
vn 0.0893 -0.6747 0.7327
vn -0.0090 -0.0236 -0.9997
vn 0.4990 0.4099 0.7636
vn 0.6465 0.7629 -0.0012
vn 0.2813 0.9596 0.0013
vn 0.0041 -0.4570 0.8895
vn -0.1703 -0.2934 0.9407
vn 0.0851 0.2369 -0.9678
vn -0.6121 -0.7908 -0.0008
vn 0.2445 0.1809 -0.9526
vn 0.0345 0.3001 -0.9533
vn 0.0434 -0.9991 -0.0016
vn 0.2389 0.9710 0.0013
vn 0.9658 -0.2592 -0.0010
vn 0.0049 -1.0000 -0.0016
vn 0.6783 0.7348 0.0006
vn 0.0369 -0.4721 0.8808
vn 0.3205 0.3265 0.8892
vn 0.9659 -0.2590 -0.0010
vn 0.0011 -0.3275 -0.9448
vn 0.0629 -0.3089 -0.9490
vn -0.1209 -0.2038 -0.9715
vn 0.1231 0.3353 0.9340
vn 0.0520 0.4181 0.9069
vn 0.0488 0.9988 -0.0001
vn 0.1133 0.6959 -0.7092
vn -0.0045 -0.0135 0.9999
vn -0.0688 -0.5583 -0.8268
vn 0.0007 -0.0108 -0.9999
vn -0.0007 0.0108 0.9999
vn 0.2806 0.9598 0.0006
vn 0.1435 0.6887 -0.7107
vn 0.0024 0.0108 0.9999
vn -0.0024 -0.0108 -0.9999
vn -0.0422 -0.9991 0.0001
vn -0.0184 -0.1052 0.9943
vn 0.0045 0.0135 -0.9999
vn 0.0090 0.0762 0.9970
vn 0.0446 0.0431 0.9981
vn 0.0058 0.0115 -0.9999
vn 0.0932 -0.1093 0.9896
vn -0.0029 -0.0130 -0.9999
vn 0.1168 -0.2272 0.9668
vn -0.3494 -0.3315 -0.8764
vn -0.0073 -0.2046 0.9788
vn 0.1282 0.7890 -0.6009
vn 0.0488 0.9988 -0.0006
vn -0.0726 -0.1154 0.9907
vn 0.0604 -0.9982 -0.0001
vn 0.3725 -0.1075 -0.9218
vn 0.0034 0.0111 0.9999
vn 0.0210 -0.9998 -0.0001
vn -0.0233 -0.1038 0.9943
vn 0.0026 0.0204 -0.9998
vn -0.0038 0.1076 0.9942
vn 0.0156 -0.6896 -0.7241
vn -0.0026 -0.0204 0.9998
vn 0.9480 0.3183 0.0017
vn 0.9899 -0.1420 0.0017
vn 0.7834 -0.6215 0.0013
vn 0.3468 -0.9380 0.0005
vn 0.3621 -0.1600 -0.9183
vn 0.0194 0.1348 0.9907
vn 0.0893 -0.6747 -0.7327
vn -0.0090 -0.0236 0.9997
vn 0.4990 0.4099 -0.7636
vn 0.6465 0.7629 0.0012
vn 0.2813 0.9596 -0.0013
vn 0.0041 -0.4570 -0.8895
vn -0.1703 -0.2934 -0.9407
vn 0.0851 0.2369 0.9678
vn -0.6121 -0.7907 0.0008
vn 0.2445 0.1809 0.9526
vn 0.0345 0.3001 0.9533
vn 0.0434 -0.9991 0.0016
vn 0.2389 0.9710 -0.0013
vn 0.9658 -0.2593 0.0010
vn 0.0049 -1.0000 0.0016
vn 0.6783 0.7348 -0.0006
vn 0.0369 -0.4721 -0.8808
vn 0.3205 0.3265 -0.8892
vn 0.9659 -0.2590 0.0010
vn 0.0011 -0.3275 0.9448
vn 0.0629 -0.3089 0.9490
vn -0.1209 -0.2038 0.9715
vn 0.1231 0.3353 -0.9340
vn 0.0520 0.4181 -0.9069
usemtl Hair
s off
f 262/1/1 263/2/1 5/3/1 4/4/1
f 263/2/2 3/5/2 6/6/2 264/7/2
f 264/7/3 6/6/3 8/8/3 265/9/3
f 307/10/4 285/11/4 10/12/4 266/13/4
f 317/14/5 309/15/5 12/16/5 267/17/5
f 267/17/6 12/16/6 14/18/6 268/19/6
f 268/19/7 14/18/7 16/20/7 269/21/7
f 269/21/8 16/20/8 18/22/8 270/23/8
f 270/23/9 18/22/9 20/24/9 271/25/9
f 262/1/10 4/4/10 23/26/10 272/27/10
f 275/28/11 28/29/11 25/30/11 273/31/11
f 272/27/12 23/26/12 26/32/12 274/33/12
f 274/33/13 26/32/13 28/29/13 275/28/13
f 273/31/14 25/30/14 31/34/14 276/35/14
f 276/35/15 31/34/15 33/36/15 277/37/15
f 277/37/16 33/36/16 35/38/16 278/39/16
f 278/39/16 35/38/16 37/40/16 279/41/16
f 279/41/16 37/40/16 39/42/16 280/43/16
f 45/44/17 44/45/17 5/3/17 7/46/17
f 24/47/18 30/48/18 90/49/18 89/50/18
f 51/51/19 50/52/19 16/20/19 14/18/19
f 53/53/20 52/54/20 35/38/20 33/36/20
f 55/55/21 54/56/21 26/32/21 23/26/21
f 57/57/22 56/58/22 15/59/22 17/60/22
f 59/61/23 58/62/23 32/63/23 34/64/23
f 61/65/24 60/66/24 8/8/24 6/6/24
f 27/67/25 29/68/25 88/69/25 86/70/25
f 63/71/26 45/44/26 7/46/26 9/72/26
f 50/52/27 64/73/27 18/22/27 16/20/27
f 52/54/28 65/74/28 37/40/28 35/38/28
f 67/75/29 57/57/29 17/60/29 19/76/29
f 68/77/30 59/61/30 34/64/30 36/78/30
f 69/79/31 10/12/31 227/80/31 229/81/31
f 29/68/32 24/47/32 89/50/32 88/69/32
f 284/82/33 71/83/33 21/84/33 271/25/33
f 287/85/34 63/71/34 9/72/34 286/86/34
f 64/73/35 72/87/35 20/24/35 18/22/35
f 65/74/36 74/88/36 39/42/36 37/40/36
f 71/83/37 67/75/37 19/76/37 21/84/37
f 75/89/38 68/77/38 36/78/38 38/90/38
f 314/91/39 76/92/39 12/16/39 309/15/39
f 78/93/40 77/94/40 31/34/40 25/30/40
f 80/95/41 79/96/41 3/5/41 2/97/41
f 312/98/42 73/99/42 11/100/42 311/101/42
f 62/102/43 47/103/43 92/104/43 93/105/43
f 83/106/44 55/55/44 23/26/44 4/4/44
f 44/45/45 83/106/45 4/4/45 5/3/45
f 46/107/46 80/95/46 2/97/46 22/108/46
f 76/92/47 51/51/47 14/18/47 12/16/47
f 77/94/48 53/53/48 33/36/48 31/34/48
f 56/58/49 81/109/49 13/110/49 15/59/49
f 58/62/50 82/111/50 30/48/50 32/63/50
f 79/96/51 61/65/51 6/6/51 3/5/51
f 66/112/52 78/93/52 25/30/52 28/29/52
f 354/113/53 351/114/53 78/93/53 66/112/53
f 329/115/54 332/116/54 61/65/54 79/96/54
f 358/117/55 356/118/55 82/111/55 58/62/55
f 341/119/56 339/120/56 81/109/56 56/58/56
f 357/121/57 359/122/57 53/53/57 77/94/57
f 338/123/58 340/124/58 51/51/58 76/92/58
f 348/125/59 328/126/59 80/95/59 46/107/59
f 331/127/60 330/128/60 83/106/60 44/45/60
f 330/128/61 349/129/61 55/55/61 83/106/61
f 356/118/62 1/130/62 70/131/62 82/111/62
f 703/132/63 337/133/63 73/99/63 312/98/63
f 328/126/64 329/115/64 79/96/64 80/95/64
f 351/114/65 357/121/65 77/94/65 78/93/65
f 701/134/66 338/123/66 76/92/66 314/91/66
f 364/135/67 362/136/67 68/77/67 75/89/67
f 347/137/68 345/138/68 67/75/68 71/83/68
f 363/139/69 365/140/69 74/88/69 65/74/69
f 344/141/70 346/142/70 72/87/70 64/73/70
f 675/143/71 335/144/71 63/71/71 287/85/71
f 639/145/72 347/137/72 71/83/72 284/82/72
f 1/130/73 355/146/73 62/102/73 70/131/73
f 674/147/74 336/148/74 69/79/74 288/149/74
f 362/136/75 360/150/75 59/61/75 68/77/75
f 345/138/76 343/151/76 57/57/76 67/75/76
f 352/152/77 354/113/77 66/112/77 54/56/77
f 361/153/78 363/139/78 65/74/78 52/54/78
f 342/154/79 344/141/79 64/73/79 50/52/79
f 335/144/80 333/155/80 45/44/80 63/71/80
f 355/146/81 353/156/81 47/103/81 62/102/81
f 332/116/82 334/157/82 60/66/82 61/65/82
f 360/150/83 358/117/83 58/62/83 59/61/83
f 343/151/84 341/119/84 56/58/84 57/57/84
f 349/129/85 352/152/85 54/56/85 55/55/85
f 359/122/86 361/153/86 52/54/86 53/53/86
f 340/124/87 342/154/87 50/52/87 51/51/87
f 353/156/88 348/125/88 46/107/88 47/103/88
f 333/155/89 331/127/89 44/45/89 45/44/89
f 91/158/90 87/159/90 97/160/90 101/161/90
f 87/159/91 86/70/91 96/162/91 97/160/91
f 94/163/92 93/105/92 103/164/92 104/165/92
f 89/50/93 90/49/93 100/166/93 99/167/93
f 47/103/94 46/107/94 91/158/94 92/104/94
f 82/111/95 70/131/95 94/163/95 95/168/95
f 30/48/96 82/111/96 95/168/96 90/49/96
f 46/107/97 22/108/97 87/159/97 91/158/97
f 22/108/98 27/67/98 86/70/98 87/159/98
f 70/131/99 62/102/99 93/105/99 94/163/99
f 103/164/100 102/169/100 112/170/100 113/171/100
f 101/161/101 97/160/101 107/172/101 111/173/101
f 97/160/102 96/162/102 106/174/102 107/172/102
f 104/165/103 103/164/103 113/171/103 114/175/103
f 93/105/104 92/104/104 102/169/104 103/164/104
f 86/70/105 88/69/105 98/176/105 96/162/105
f 90/49/106 95/168/106 105/177/106 100/166/106
f 92/104/107 91/158/107 101/161/107 102/169/107
f 88/69/108 89/50/108 99/167/108 98/176/108
f 95/168/109 94/163/109 104/165/109 105/177/109
f 110/178/110 115/179/110 125/180/110 120/181/110
f 106/174/111 108/182/111 118/183/111 116/184/111
f 113/171/112 112/170/112 122/185/112 123/186/112
f 111/173/113 107/172/113 117/187/113 121/188/113
f 96/162/114 98/176/114 108/182/114 106/174/114
f 100/166/115 105/177/115 115/179/115 110/178/115
f 102/169/116 101/161/116 111/173/116 112/170/116
f 98/176/117 99/167/117 109/189/117 108/182/117
f 105/177/118 104/165/118 114/175/118 115/179/118
f 99/167/119 100/166/119 110/178/119 109/189/119
f 120/181/120 125/180/120 135/190/120 130/191/120
f 116/184/121 118/183/121 128/192/121 126/193/121
f 123/186/122 122/185/122 132/194/122 133/195/122
f 121/188/123 117/187/123 127/196/123 131/197/123
f 112/170/124 111/173/124 121/188/124 122/185/124
f 108/182/125 109/189/125 119/198/125 118/183/125
f 115/179/126 114/175/126 124/199/126 125/180/126
f 109/189/127 110/178/127 120/181/127 119/198/127
f 114/175/128 113/171/128 123/186/128 124/199/128
f 107/172/129 106/174/129 116/184/129 117/187/129
f 148/200/130 152/201/130 139/202/130 138/203/130
f 151/204/131 150/205/131 141/206/131 142/207/131
f 149/208/132 146/209/132 145/210/132 140/211/132
f 147/212/133 148/200/133 138/203/133 136/213/133
f 122/185/134 121/188/134 131/197/134 132/194/134
f 118/183/135 119/198/135 129/214/135 128/192/135
f 125/180/136 124/199/136 134/215/136 135/190/136
f 119/198/137 120/181/137 130/191/137 129/214/137
f 124/199/138 123/186/138 133/195/138 134/215/138
f 117/187/139 116/184/139 126/193/139 127/196/139
f 139/202/140 140/211/140 160/216/140 159/217/140
f 145/210/141 144/218/141 164/219/141 165/220/141
f 138/203/142 139/202/142 159/217/142 158/221/142
f 142/207/143 141/206/143 161/222/143 162/223/143
f 146/209/144 153/224/144 144/218/144 145/210/144
f 152/201/145 149/208/145 140/211/145 139/202/145
f 153/224/146 154/225/146 143/226/146 144/218/146
f 155/227/147 147/212/147 136/213/147 137/228/147
f 150/205/148 155/227/148 137/228/148 141/206/148
f 154/225/149 151/204/149 142/207/149 143/226/149
f 133/195/150 132/194/150 151/204/150 154/225/150
f 131/197/151 127/196/151 155/227/151 150/205/151
f 127/196/152 126/193/152 147/212/152 155/227/152
f 134/215/153 133/195/153 154/225/153 153/224/153
f 129/214/154 130/191/154 149/208/154 152/201/154
f 135/190/155 134/215/155 153/224/155 146/209/155
f 126/193/156 128/192/156 148/200/156 147/212/156
f 130/191/157 135/190/157 146/209/157 149/208/157
f 132/194/158 131/197/158 150/205/158 151/204/158
f 128/192/159 129/214/159 152/201/159 148/200/159
f 157/229/160 156/230/160 166/231/160 167/232/160
f 164/219/161 163/233/161 173/234/161 174/235/161
f 159/217/162 160/216/162 170/236/162 169/237/162
f 165/220/163 164/219/163 174/235/163 175/238/163
f 144/218/164 143/226/164 163/233/164 164/219/164
f 137/228/165 136/213/165 156/230/165 157/229/165
f 141/206/166 137/228/166 157/229/166 161/222/166
f 143/226/167 142/207/167 162/223/167 163/233/167
f 136/213/168 138/203/168 158/221/168 156/230/168
f 140/211/169 145/210/169 165/220/169 160/216/169
f 171/239/170 167/232/170 177/240/170 181/241/170
f 167/232/171 166/231/171 176/242/171 177/240/171
f 174/235/172 173/234/172 183/243/172 184/244/172
f 169/237/173 170/236/173 180/245/173 179/246/173
f 161/222/174 157/229/174 167/232/174 171/239/174
f 163/233/175 162/223/175 172/247/175 173/234/175
f 156/230/176 158/221/176 168/248/176 166/231/176
f 160/216/177 165/220/177 175/238/177 170/236/177
f 162/223/178 161/222/178 171/239/178 172/247/178
f 158/221/179 159/217/179 169/237/179 168/248/179
f 173/234/180 172/247/180 182/249/180 183/243/180
f 166/231/181 168/248/181 178/250/181 176/242/181
f 170/236/182 175/238/182 185/251/182 180/245/182
f 172/247/183 171/239/183 181/241/183 182/249/183
f 168/248/184 169/237/184 179/246/184 178/250/184
f 175/238/185 174/235/185 184/244/185 185/251/185
f 180/245/186 185/251/186 205/252/186 198/253/186
f 229/81/187 227/80/187 231/254/187 233/255/187
f 288/149/188 69/79/188 229/81/188 290/256/188
f 285/11/189 8/8/189 226/257/189 289/258/189
f 8/8/190 60/66/190 228/259/190 226/257/190
f 292/260/191 233/255/191 237/261/191 294/262/191
f 289/258/192 226/257/192 230/263/192 291/264/192
f 290/256/193 229/81/193 233/255/193 292/260/193
f 226/257/194 228/259/194 232/265/194 230/263/194
f 237/261/195 235/266/195 239/267/195 241/268/195
f 230/263/196 232/265/196 236/269/196 234/270/196
f 233/255/197 231/254/197 235/266/197 237/261/197
f 291/264/198 230/263/198 234/270/198 293/271/198
f 241/268/195 239/267/195 243/272/195 245/273/195
f 293/271/199 234/270/199 238/274/199 295/275/199
f 294/262/200 237/261/200 241/268/200 296/276/200
f 234/270/201 236/269/201 240/277/201 238/274/201
f 298/278/202 245/273/202 249/279/202 300/280/202
f 295/275/199 238/274/199 242/281/199 297/282/199
f 296/276/200 241/268/200 245/273/200 298/278/200
f 238/274/201 240/277/201 244/283/201 242/281/201
f 242/281/203 244/283/203 248/284/203 246/285/203
f 245/273/204 243/272/204 247/286/204 249/279/204
f 297/282/205 242/281/205 246/285/205 299/287/205
f 346/142/72 639/145/72 284/82/72 72/87/72
f 72/87/33 284/82/33 271/25/33 20/24/33
f 36/78/16 279/41/16 280/43/16 38/90/16
f 34/64/16 278/39/16 279/41/16 36/78/16
f 32/63/16 277/37/16 278/39/16 34/64/16
f 30/48/206 276/35/206 277/37/206 32/63/206
f 24/47/207 273/31/207 276/35/207 30/48/207
f 27/67/208 274/33/208 275/28/208 29/68/208
f 22/108/209 272/27/209 274/33/209 27/67/209
f 29/68/210 275/28/210 273/31/210 24/47/210
f 19/76/211 270/23/211 271/25/211 21/84/211
f 17/60/212 269/21/212 270/23/212 19/76/212
f 15/59/213 318/288/213 319/289/213 17/60/213
f 13/110/214 267/17/214 268/19/214 318/288/214 15/59/214
f 310/290/215 317/14/215 267/17/215 13/110/215
f 286/86/216 307/10/216 266/13/216 11/100/216
f 7/46/217 264/7/217 265/9/217 9/72/217
f 2/97/218 3/5/218 263/2/218 262/1/218
f 1/130/219 356/118/219 644/291/219 641/292/219
f 355/146/220 1/130/220 641/292/220 643/293/220
f 9/72/221 265/9/221 307/10/221 286/86/221
f 243/272/222 297/282/222 299/287/222 247/286/222
f 240/277/223 296/276/223 298/278/223 244/283/223
f 239/267/224 295/275/224 297/282/224 243/272/224
f 244/283/225 298/278/225 300/280/225 248/284/225
f 236/269/223 294/262/223 296/276/223 240/277/223
f 235/266/224 293/271/224 295/275/224 239/267/224
f 231/254/226 291/264/226 293/271/226 235/266/226
f 228/259/227 290/256/227 292/260/227 232/265/227
f 227/80/228 289/258/228 291/264/228 231/254/228
f 232/265/229 292/260/229 294/262/229 236/269/229
f 10/12/230 285/11/230 289/258/230 227/80/230
f 60/66/231 288/149/231 290/256/231 228/259/231
f 334/157/232 674/147/232 288/149/232 60/66/232
f 337/133/71 675/143/71 287/85/71 73/99/71
f 73/99/34 287/85/34 286/86/34 11/100/34
f 265/9/233 8/8/233 285/11/233 307/10/233
f 11/100/234 266/13/234 316/294/234 311/101/234
f 336/148/66 700/295/66 315/296/66 69/79/66
f 700/295/66 701/134/66 314/91/66 315/296/66
f 339/120/235 702/297/235 313/298/235 81/109/235
f 702/297/236 703/132/236 312/98/236 313/298/236
f 81/109/42 313/298/42 310/290/42 13/110/42
f 313/298/42 312/98/42 311/101/42 310/290/42
f 69/79/39 315/296/39 308/299/39 10/12/39
f 315/296/39 314/91/39 309/15/39 308/299/39
f 266/13/237 10/12/237 308/299/237 316/294/237
f 316/294/238 308/299/238 309/15/238 317/14/238
f 327/300/239 319/289/239 318/288/239 326/301/239
f 17/60/240 319/289/240 318/288/240 268/19/240 269/21/240
f 320/302/241 322/303/241 326/304/241 325/305/241
f 326/301/242 327/300/242 324/306/242 325/307/242
f 323/308/243 321/309/243 324/310/243 327/311/243
f 321/309/244 320/302/244 325/305/244 324/310/244
f 323/308/245 319/289/245 327/311/245
f 321/309/246 323/308/246 319/289/246 322/303/246 320/302/246
f 318/288/247 326/301/247 322/303/247
f 630/312/16 631/313/16 331/127/16 330/128/16
f 631/313/16 329/115/16 332/116/16 632/314/16
f 632/314/16 332/116/16 334/157/16 633/315/16
f 699/316/16 674/147/16 336/148/16 634/317/16
f 714/318/16 701/134/16 338/123/16 635/319/16
f 635/319/16 338/123/16 340/124/16 636/320/16
f 636/320/16 340/124/16 342/154/16 637/321/16
f 637/321/16 342/154/16 344/141/16 638/322/16
f 638/322/16 344/141/16 346/142/16 639/145/16
f 630/312/16 330/128/16 349/129/16 640/323/16
f 643/293/16 354/113/16 351/114/16 641/292/16
f 640/323/16 349/129/16 352/152/16 642/324/16
f 642/324/16 352/152/16 354/113/16 643/293/16
f 641/292/16 351/114/16 357/121/16 644/291/16
f 644/291/16 357/121/16 359/122/16 645/325/16
f 645/325/16 359/122/16 361/153/16 646/326/16
f 646/326/16 361/153/16 363/139/16 647/327/16
f 647/327/16 363/139/16 365/140/16 648/328/16
f 648/328/16 365/140/16 367/329/16 649/330/16
f 649/330/16 367/329/16 369/331/16 650/332/16
f 651/333/248 372/334/248 373/335/248 652/336/248
f 652/336/249 653/337/249 374/338/249 371/339/249
f 653/337/250 654/340/250 376/341/250 374/338/250
f 698/342/251 655/343/251 378/344/251 676/345/251
f 713/346/252 656/347/252 380/348/252 705/349/252
f 656/347/253 657/350/253 382/351/253 380/348/253
f 657/350/254 658/352/254 384/353/254 382/351/254
f 658/352/255 659/354/255 386/355/255 384/353/255
f 659/354/256 660/356/256 388/357/256 386/355/256
f 651/333/257 661/358/257 391/359/257 372/334/257
f 664/360/258 662/361/258 393/362/258 396/363/258
f 661/358/259 663/364/259 394/365/259 391/359/259
f 663/364/260 664/360/260 396/363/260 394/365/260
f 662/361/261 665/366/261 399/367/261 393/362/261
f 665/366/262 666/368/262 401/369/262 399/367/262
f 666/368/263 667/370/263 403/371/263 401/369/263
f 667/370/263 668/372/263 405/373/263 403/371/263
f 668/372/263 669/374/263 407/375/263 405/373/263
f 413/376/264 375/377/264 373/335/264 412/378/264
f 392/379/265 457/380/265 458/381/265 398/382/265
f 419/383/266 382/351/266 384/353/266 418/384/266
f 421/385/267 401/369/267 403/371/267 420/386/267
f 423/387/268 391/359/268 394/365/268 422/388/268
f 425/389/269 385/390/269 383/391/269 424/392/269
f 427/393/270 402/394/270 400/395/270 426/396/270
f 429/397/271 374/338/271 376/341/271 428/398/271
f 395/399/272 454/400/272 456/401/272 397/402/272
f 431/403/273 377/404/273 375/377/273 413/376/273
f 418/384/274 384/353/274 386/355/274 432/405/274
f 420/386/275 403/371/275 405/373/275 433/406/275
f 422/388/276 394/365/276 396/363/276 434/407/276
f 435/408/277 387/409/277 385/390/277 425/389/277
f 436/410/278 404/411/278 402/394/278 427/393/278
f 437/412/279 597/413/279 595/414/279 378/344/279
f 397/402/280 456/401/280 457/380/280 392/379/280
f 673/415/281 660/356/281 389/416/281 439/417/281
f 678/418/282 677/419/282 377/404/282 431/403/282
f 432/405/283 386/355/283 388/357/283 440/420/283
f 433/406/284 405/373/284 407/375/284 442/421/284
f 439/417/285 389/416/285 387/409/285 435/408/285
f 443/422/286 406/423/286 404/411/286 436/410/286
f 710/424/287 705/349/287 380/348/287 444/425/287
f 446/426/288 393/362/288 399/367/288 445/427/288
f 448/428/289 370/429/289 371/339/289 447/430/289
f 708/431/290 707/432/290 379/433/290 441/434/290
f 430/435/291 461/436/291 460/437/291 415/438/291
f 451/439/292 372/334/292 391/359/292 423/387/292
f 412/378/293 373/335/293 372/334/293 451/439/293
f 414/440/294 390/441/294 370/429/294 448/428/294
f 444/425/295 380/348/295 382/351/295 419/383/295
f 445/427/296 399/367/296 401/369/296 421/385/296
f 424/392/297 383/391/297 381/442/297 449/443/297
f 426/396/298 400/395/298 398/382/298 450/444/298
f 447/430/299 371/339/299 374/338/299 429/397/299
f 434/407/300 396/363/300 393/362/300 446/426/300
f 354/113/301 434/407/301 446/426/301 351/114/301
f 329/115/302 447/430/302 429/397/302 332/116/302
f 358/117/303 426/396/303 450/444/303 356/118/303
f 341/119/304 424/392/304 449/443/304 339/120/304
f 357/121/305 445/427/305 421/385/305 359/122/305
f 338/123/306 444/425/306 419/383/306 340/124/306
f 348/125/307 414/440/307 448/428/307 328/126/307
f 331/127/308 412/378/308 451/439/308 330/128/308
f 330/128/309 451/439/309 423/387/309 349/129/309
f 356/118/310 450/444/310 438/445/310 350/446/310
f 703/132/311 708/431/311 441/434/311 337/133/311
f 328/126/312 448/428/312 447/430/312 329/115/312
f 351/114/313 446/426/313 445/427/313 357/121/313
f 701/134/314 710/424/314 444/425/314 338/123/314
f 364/135/315 443/422/315 436/410/315 362/136/315
f 347/137/316 439/417/316 435/408/316 345/138/316
f 363/139/317 433/406/317 442/421/317 365/140/317
f 344/141/318 432/405/318 440/420/318 346/142/318
f 675/143/319 678/418/319 431/403/319 335/144/319
f 639/145/320 673/415/320 439/417/320 347/137/320
f 350/446/321 438/445/321 430/435/321 355/146/321
f 674/147/322 679/447/322 437/412/322 336/148/322
f 362/136/323 436/410/323 427/393/323 360/150/323
f 345/138/324 435/408/324 425/389/324 343/151/324
f 352/152/325 422/388/325 434/407/325 354/113/325
f 361/153/326 420/386/326 433/406/326 363/139/326
f 342/154/327 418/384/327 432/405/327 344/141/327
f 335/144/328 431/403/328 413/376/328 333/155/328
f 355/146/329 430/435/329 415/438/329 353/156/329
f 332/116/330 429/397/330 428/398/330 334/157/330
f 360/150/331 427/393/331 426/396/331 358/117/331
f 343/151/332 425/389/332 424/392/332 341/119/332
f 359/122/333 421/385/333 420/386/333 361/153/333
f 340/124/334 419/383/334 418/384/334 342/154/334
f 353/156/335 415/438/335 414/440/335 348/125/335
f 333/155/336 413/376/336 412/378/336 331/127/336
f 459/448/337 469/449/337 465/450/337 455/451/337
f 455/451/338 465/450/338 464/452/338 454/400/338
f 462/453/339 472/454/339 471/455/339 461/436/339
f 457/380/340 467/456/340 468/457/340 458/381/340
f 415/438/341 460/437/341 459/448/341 414/440/341
f 450/444/342 463/458/342 462/453/342 438/445/342
f 398/382/343 458/381/343 463/458/343 450/444/343
f 414/440/344 459/448/344 455/451/344 390/441/344
f 390/441/345 455/451/345 454/400/345 395/399/345
f 438/445/346 462/453/346 461/436/346 430/435/346
f 471/455/347 481/459/347 480/460/347 470/461/347
f 469/449/348 479/462/348 475/463/348 465/450/348
f 465/450/349 475/463/349 474/464/349 464/452/349
f 472/454/350 482/465/350 481/459/350 471/455/350
f 461/436/351 471/455/351 470/461/351 460/437/351
f 454/400/352 464/452/352 466/466/352 456/401/352
f 458/381/353 468/457/353 473/467/353 463/458/353
f 460/437/354 470/461/354 469/449/354 459/448/354
f 456/401/355 466/466/355 467/456/355 457/380/355
f 463/458/356 473/467/356 472/454/356 462/453/356
f 478/468/357 488/469/357 493/470/357 483/471/357
f 474/464/358 484/472/358 486/473/358 476/474/358
f 481/459/359 491/475/359 490/476/359 480/460/359
f 479/462/360 489/477/360 485/478/360 475/463/360
f 464/452/361 474/464/361 476/474/361 466/466/361
f 468/457/362 478/468/362 483/471/362 473/467/362
f 470/461/363 480/460/363 479/462/363 469/449/363
f 466/466/364 476/474/364 477/479/364 467/456/364
f 473/467/365 483/471/365 482/465/365 472/454/365
f 467/456/366 477/479/366 478/468/366 468/457/366
f 488/469/367 498/480/367 503/481/367 493/470/367
f 484/472/368 494/482/368 496/483/368 486/473/368
f 491/475/369 501/484/369 500/485/369 490/476/369
f 489/477/370 499/486/370 495/487/370 485/478/370
f 480/460/371 490/476/371 489/477/371 479/462/371
f 476/474/372 486/473/372 487/488/372 477/479/372
f 483/471/373 493/470/373 492/489/373 482/465/373
f 477/479/374 487/488/374 488/469/374 478/468/374
f 482/465/375 492/489/375 491/475/375 481/459/375
f 475/463/376 485/478/376 484/472/376 474/464/376
f 516/490/377 506/491/377 507/492/377 520/493/377
f 519/494/378 510/495/378 509/496/378 518/497/378
f 517/498/379 508/499/379 513/500/379 514/501/379
f 515/502/380 504/503/380 506/491/380 516/490/380
f 490/476/381 500/485/381 499/486/381 489/477/381
f 486/473/382 496/483/382 497/504/382 487/488/382
f 493/470/383 503/481/383 502/505/383 492/489/383
f 487/488/384 497/504/384 498/480/384 488/469/384
f 492/489/385 502/505/385 501/484/385 491/475/385
f 485/478/386 495/487/386 494/482/386 484/472/386
f 507/492/387 527/506/387 528/507/387 508/499/387
f 513/500/388 533/508/388 532/509/388 512/510/388
f 506/491/389 526/511/389 527/506/389 507/492/389
f 510/495/390 530/512/390 529/513/390 509/496/390
f 514/501/391 513/500/391 512/510/391 521/514/391
f 520/493/392 507/492/392 508/499/392 517/498/392
f 521/514/393 512/510/393 511/515/393 522/516/393
f 523/517/394 505/518/394 504/503/394 515/502/394
f 518/497/395 509/496/395 505/518/395 523/517/395
f 522/516/396 511/515/396 510/495/396 519/494/396
f 501/484/397 522/516/397 519/494/397 500/485/397
f 499/486/398 518/497/398 523/517/398 495/487/398
f 495/487/399 523/517/399 515/502/399 494/482/399
f 502/505/400 521/514/400 522/516/400 501/484/400
f 497/504/401 520/493/401 517/498/401 498/480/401
f 503/481/402 514/501/402 521/514/402 502/505/402
f 494/482/403 515/502/403 516/490/403 496/483/403
f 498/480/404 517/498/404 514/501/404 503/481/404
f 500/485/405 519/494/405 518/497/405 499/486/405
f 496/483/406 516/490/406 520/493/406 497/504/406
f 525/519/407 535/520/407 534/521/407 524/522/407
f 532/509/408 542/523/408 541/524/408 531/525/408
f 527/506/409 537/526/409 538/527/409 528/507/409
f 533/508/410 543/528/410 542/523/410 532/509/410
f 512/510/411 532/509/411 531/525/411 511/515/411
f 505/518/412 525/519/412 524/522/412 504/503/412
f 509/496/413 529/513/413 525/519/413 505/518/413
f 511/515/414 531/525/414 530/512/414 510/495/414
f 504/503/415 524/522/415 526/511/415 506/491/415
f 508/499/416 528/507/416 533/508/416 513/500/416
f 539/529/417 549/530/417 545/531/417 535/520/417
f 535/520/418 545/531/418 544/532/418 534/521/418
f 542/523/419 552/533/419 551/534/419 541/524/419
f 537/526/420 547/535/420 548/536/420 538/527/420
f 529/513/421 539/529/421 535/520/421 525/519/421
f 531/525/422 541/524/422 540/537/422 530/512/422
f 524/522/423 534/521/423 536/538/423 526/511/423
f 528/507/424 538/527/424 543/528/424 533/508/424
f 530/512/425 540/537/425 539/529/425 529/513/425
f 526/511/426 536/538/426 537/526/426 527/506/426
f 541/524/427 551/534/427 550/539/427 540/537/427
f 534/521/428 544/532/428 546/540/428 536/538/428
f 538/527/429 548/536/429 553/541/429 543/528/429
f 540/537/430 550/539/430 549/530/430 539/529/430
f 536/538/431 546/540/431 547/535/431 537/526/431
f 543/528/432 553/541/432 552/533/432 542/523/432
f 548/536/433 566/542/433 573/543/433 553/541/433
f 597/413/434 601/544/434 599/545/434 595/414/434
f 679/447/435 681/546/435 597/413/435 437/412/435
f 676/345/436 680/547/436 594/548/436 376/341/436
f 376/341/190 594/548/190 596/549/190 428/398/190
f 683/550/437 685/551/437 605/552/437 601/544/437
f 680/547/438 682/553/438 598/554/438 594/548/438
f 681/546/439 683/550/439 601/544/439 597/413/439
f 594/548/440 598/554/440 600/555/440 596/549/440
f 605/552/441 609/556/441 607/557/441 603/558/441
f 598/554/442 602/559/442 604/560/442 600/555/442
f 601/544/443 605/552/443 603/558/443 599/545/443
f 682/553/444 684/561/444 602/559/444 598/554/444
f 609/556/441 613/562/441 611/563/441 607/557/441
f 684/561/445 686/564/445 606/565/445 602/559/445
f 685/551/446 687/566/446 609/556/446 605/552/446
f 602/559/447 606/565/447 608/567/447 604/560/447
f 689/568/448 691/569/448 617/570/448 613/562/448
f 686/564/445 688/571/445 610/572/445 606/565/445
f 687/566/446 689/568/446 613/562/446 609/556/446
f 606/565/447 610/572/447 612/573/447 608/567/447
f 610/572/449 614/574/449 616/575/449 612/573/449
f 613/562/450 617/570/450 615/576/450 611/563/450
f 688/571/451 690/577/451 614/574/451 610/572/451
f 346/142/320 440/420/320 673/415/320 639/145/320
f 440/420/281 388/357/281 660/356/281 673/415/281
f 404/411/263 406/423/263 669/374/263 668/372/263
f 402/394/263 404/411/263 668/372/263 667/370/263
f 400/395/263 402/394/263 667/370/263 666/368/263
f 398/382/452 400/395/452 666/368/452 665/366/452
f 392/379/453 398/382/453 665/366/453 662/361/453
f 395/399/454 397/402/454 664/360/454 663/364/454
f 390/441/455 395/399/455 663/364/455 661/358/455
f 370/429/456 390/441/456 661/358/456 651/333/456
f 387/409/457 389/416/457 660/356/457 659/354/457
f 385/390/458 387/409/458 659/354/458 658/352/458
f 383/391/459 385/390/459 717/578/459 716/579/459
f 381/442/460 383/391/460 716/579/460 657/350/460 656/347/460
f 706/580/461 381/442/461 656/347/461 713/346/461
f 375/377/462 377/404/462 654/340/462 653/337/462
f 373/335/463 375/377/463 653/337/463 652/336/463
f 366/581/16 649/330/16 650/332/16 368/582/16
f 364/135/16 648/328/16 649/330/16 366/581/16
f 362/136/16 647/327/16 648/328/16 364/135/16
f 360/150/16 646/326/16 647/327/16 362/136/16
f 358/117/16 645/325/16 646/326/16 360/150/16
f 356/118/16 644/291/16 645/325/16 358/117/16
f 350/446/464 641/292/464 644/291/464 356/118/464
f 353/156/16 642/324/16 643/293/16 355/146/16
f 348/125/16 640/323/16 642/324/16 353/156/16
f 355/146/465 643/293/465 641/292/465 350/446/465
f 328/126/16 630/312/16 640/323/16 348/125/16
f 345/138/16 638/322/16 639/145/16 347/137/16
f 343/151/16 637/321/16 638/322/16 345/138/16
f 341/119/16 636/320/16 637/321/16 343/151/16
f 339/120/16 635/319/16 636/320/16 341/119/16
f 702/297/16 714/318/16 635/319/16 339/120/16
f 675/143/16 699/316/16 634/317/16 337/133/16
f 333/155/16 632/314/16 633/315/16 335/144/16
f 331/127/16 631/313/16 632/314/16 333/155/16
f 328/126/16 329/115/16 631/313/16 630/312/16
f 335/144/16 633/315/16 699/316/16 675/143/16
f 377/404/466 677/419/466 698/342/466 654/340/466
f 611/563/467 615/576/467 690/577/467 688/571/467
f 608/567/468 612/573/468 689/568/468 687/566/468
f 607/557/469 611/563/469 688/571/469 686/564/469
f 612/573/470 616/575/470 691/569/470 689/568/470
f 604/560/468 608/567/468 687/566/468 685/551/468
f 603/558/469 607/557/469 686/564/469 684/561/469
f 599/545/471 603/558/471 684/561/471 682/553/471
f 596/549/472 600/555/472 683/550/472 681/546/472
f 595/414/473 599/545/473 682/553/473 680/547/473
f 600/555/474 604/560/474 685/551/474 683/550/474
f 378/344/475 595/414/475 680/547/475 676/345/475
f 428/398/476 596/549/476 681/546/476 679/447/476
f 334/157/477 428/398/477 679/447/477 674/147/477
f 337/133/319 441/434/319 678/418/319 675/143/319
f 441/434/282 379/433/282 677/419/282 678/418/282
f 654/340/478 698/342/478 676/345/478 376/341/478
f 633/315/16 334/157/16 674/147/16 699/316/16
f 337/133/16 634/317/16 715/583/16 703/132/16
f 703/132/16 715/583/16 714/318/16 702/297/16
f 379/433/479 707/432/479 712/584/479 655/343/479
f 707/432/480 706/580/480 713/346/480 712/584/480
f 336/148/314 437/412/314 711/585/314 700/295/314
f 339/120/481 449/443/481 709/586/481 702/297/481
f 702/297/482 709/586/482 708/431/482 703/132/482
f 449/443/290 381/442/290 706/580/290 709/586/290
f 709/586/290 706/580/290 707/432/290 708/431/290
f 437/412/287 378/344/287 704/587/287 711/585/287
f 711/585/287 704/587/287 705/349/287 710/424/287
f 655/343/483 712/584/483 704/587/483 378/344/483
f 712/584/484 713/346/484 705/349/484 704/587/484
f 634/317/16 336/148/16 700/295/16 715/583/16
f 715/583/16 700/295/16 701/134/16 714/318/16
f 725/588/485 724/589/485 716/579/485 717/578/485
f 385/390/486 658/352/486 657/350/486 716/579/486 717/578/486
f 718/590/487 723/591/487 724/592/487 720/593/487
f 724/589/488 723/594/488 722/595/488 725/588/488
f 721/596/489 725/597/489 722/598/489 719/599/489
f 719/599/490 722/598/490 723/591/490 718/590/490
f 721/596/491 725/597/491 717/578/491
f 719/599/492 718/590/492 720/593/492 717/578/492 721/596/492
f 716/579/493 720/593/493 724/589/493
usemtl Spots
f 280/43/16 39/42/16 41/600/16 281/601/16
f 281/601/16 41/600/16 43/602/16 282/603/16
f 49/604/494 48/605/494 40/606/494 42/607/494
f 54/56/495 66/112/495 28/29/495 26/32/495
f 74/88/496 84/608/496 41/600/496 39/42/496
f 48/605/497 75/89/497 38/90/497 40/606/497
f 283/609/498 49/604/498 42/607/498 282/603/498
f 84/608/499 85/610/499 43/602/499 41/600/499
f 367/329/500 369/331/500 85/610/500 84/608/500
f 650/332/501 368/582/501 49/604/501 283/609/501
f 366/581/502 364/135/502 75/89/502 48/605/502
f 365/140/503 367/329/503 84/608/503 74/88/503
f 368/582/504 366/581/504 48/605/504 49/604/504
f 369/331/501 650/332/501 283/609/501 85/610/501
f 85/610/505 283/609/505 282/603/505 43/602/505
f 40/606/16 281/601/16 282/603/16 42/607/16
f 38/90/16 280/43/16 281/601/16 40/606/16
f 2/97/506 262/1/506 272/27/506 22/108/506
f 5/3/507 263/2/507 264/7/507 7/46/507
f 311/101/508 316/294/508 317/14/508 310/290/508
f 669/374/263 670/611/263 409/612/263 407/375/263
f 670/611/263 671/613/263 411/614/263 409/612/263
f 417/615/509 410/616/509 408/617/509 416/618/509
f 442/421/510 407/375/510 409/612/510 452/619/510
f 416/618/511 408/617/511 406/423/511 443/422/511
f 672/620/512 671/613/512 410/616/512 417/615/512
f 452/619/513 409/612/513 411/614/513 453/621/513
f 367/329/514 452/619/514 453/621/514 369/331/514
f 650/332/515 672/620/515 417/615/515 368/582/515
f 366/581/516 416/618/516 443/422/516 364/135/516
f 365/140/517 442/421/517 452/619/517 367/329/517
f 349/129/518 423/387/518 422/388/518 352/152/518
f 368/582/519 417/615/519 416/618/519 366/581/519
f 369/331/515 453/621/515 672/620/515 650/332/515
f 453/621/520 411/614/520 671/613/520 672/620/520
f 408/617/263 410/616/263 671/613/263 670/611/263
f 406/423/263 408/617/263 670/611/263 669/374/263
f 397/402/521 392/379/521 662/361/521 664/360/521
f 677/419/522 379/433/522 655/343/522 698/342/522
f 370/429/523 651/333/523 652/336/523 371/339/523
f 700/295/314 711/585/314 710/424/314 701/134/314
usemtl Paw
f 202/622/524 201/623/524 187/624/524 191/625/524
f 201/623/525 200/626/525 186/627/525 187/624/525
f 199/628/526 196/629/526 193/630/526 194/631/526
f 197/632/527 198/253/527 190/633/527 189/634/527
f 186/627/528 188/635/528 208/636/528 206/637/528
f 193/630/529 192/638/529 212/639/529 213/640/529
f 191/625/530 187/624/530 207/641/530 211/642/530
f 187/624/531 186/627/531 206/637/531 207/641/531
f 196/629/532 203/643/532 192/638/532 193/630/532
f 200/626/533 204/644/533 188/635/533 186/627/533
f 198/253/534 205/252/534 195/645/534 190/633/534
f 203/643/535 202/622/535 191/625/535 192/638/535
f 204/644/536 197/632/536 189/634/536 188/635/536
f 205/252/537 199/628/537 194/631/537 195/645/537
f 185/251/538 184/244/538 199/628/538 205/252/538
f 178/250/539 179/246/539 197/632/539 204/644/539
f 182/249/540 181/241/540 202/622/540 203/643/540
f 176/242/541 178/250/541 204/644/541 200/626/541
f 183/243/542 182/249/542 203/643/542 196/629/542
f 179/246/543 180/245/543 198/253/543 197/632/543
f 184/244/544 183/243/544 196/629/544 199/628/544
f 177/240/545 176/242/545 200/626/545 201/623/545
f 181/241/546 177/240/546 201/623/546 202/622/546
f 212/639/547 211/642/547 221/646/547 222/647/547
f 210/648/548 215/649/548 225/650/548 220/651/548
f 206/637/549 208/636/549 218/652/549 216/653/549
f 213/640/550 212/639/550 222/647/550 223/654/550
f 190/633/551 195/645/551 215/649/551 210/648/551
f 192/638/552 191/625/552 211/642/552 212/639/552
f 188/635/553 189/634/553 209/655/553 208/636/553
f 195/645/554 194/631/554 214/656/554 215/649/554
f 189/634/555 190/633/555 210/648/555 209/655/555
f 194/631/556 193/630/556 213/640/556 214/656/556
f 222/647/557 221/646/557 217/657/557 216/653/557
f 223/654/558 222/647/558 216/653/558 218/652/558
f 224/658/559 223/654/559 218/652/559 219/659/559
f 225/650/560 224/658/560 219/659/560 220/651/560
f 208/636/561 209/655/561 219/659/561 218/652/561
f 215/649/562 214/656/562 224/658/562 225/650/562
f 209/655/563 210/648/563 220/651/563 219/659/563
f 214/656/564 213/640/564 223/654/564 224/658/564
f 207/641/565 206/637/565 216/653/565 217/657/565
f 211/642/566 207/641/566 217/657/566 221/646/566
f 249/279/567 247/286/567 251/660/567 253/661/567
f 301/662/568 250/663/568 254/664/568 303/665/568
f 299/287/569 246/285/569 250/663/569 301/662/569
f 300/280/570 249/279/570 253/661/570 302/666/570
f 246/285/571 248/284/571 252/667/571 250/663/571
f 304/668/572 257/669/572 261/670/572 306/671/572
f 302/666/573 253/661/573 257/669/573 304/668/573
f 250/663/574 252/667/574 256/672/574 254/664/574
f 253/661/575 251/660/575 255/673/575 257/669/575
f 306/671/576 261/670/576 259/674/576 305/675/576
f 254/664/577 256/672/577 260/676/577 258/677/577
f 257/669/578 255/673/578 259/674/578 261/670/578
f 303/665/579 254/664/579 258/677/579 305/675/579
f 255/673/580 303/665/580 305/675/580 259/674/580
f 260/676/581 306/671/581 305/675/581 258/677/581
f 252/667/582 302/666/582 304/668/582 256/672/582
f 256/672/583 304/668/583 306/671/583 260/676/583
f 248/284/584 300/280/584 302/666/584 252/667/584
f 247/286/585 299/287/585 301/662/585 251/660/585
f 251/660/586 301/662/586 303/665/586 255/673/586
f 570/678/587 559/679/587 555/680/587 569/681/587
f 569/681/588 555/680/588 554/682/588 568/683/588
f 567/684/589 562/685/589 561/686/589 564/687/589
f 565/688/590 557/689/590 558/690/590 566/542/590
f 554/682/591 574/691/591 576/692/591 556/693/591
f 561/686/592 581/694/592 580/695/592 560/696/592
f 559/679/593 579/697/593 575/698/593 555/680/593
f 555/680/594 575/698/594 574/691/594 554/682/594
f 564/687/595 561/686/595 560/696/595 571/699/595
f 568/683/596 554/682/596 556/693/596 572/700/596
f 566/542/597 558/690/597 563/701/597 573/543/597
f 571/699/598 560/696/598 559/679/598 570/678/598
f 572/700/599 556/693/599 557/689/599 565/688/599
f 573/543/600 563/701/600 562/685/600 567/684/600
f 553/541/601 573/543/601 567/684/601 552/533/601
f 546/540/602 572/700/602 565/688/602 547/535/602
f 550/539/603 571/699/603 570/678/603 549/530/603
f 544/532/604 568/683/604 572/700/604 546/540/604
f 551/534/605 564/687/605 571/699/605 550/539/605
f 547/535/606 565/688/606 566/542/606 548/536/606
f 552/533/607 567/684/607 564/687/607 551/534/607
f 545/531/608 569/681/608 568/683/608 544/532/608
f 549/530/609 570/678/609 569/681/609 545/531/609
f 580/695/610 590/702/610 589/703/610 579/697/610
f 578/704/611 588/705/611 593/706/611 583/707/611
f 574/691/612 584/708/612 586/709/612 576/692/612
f 581/694/613 591/710/613 590/702/613 580/695/613
f 558/690/614 578/704/614 583/707/614 563/701/614
f 560/696/615 580/695/615 579/697/615 559/679/615
f 556/693/616 576/692/616 577/711/616 557/689/616
f 563/701/617 583/707/617 582/712/617 562/685/617
f 557/689/618 577/711/618 578/704/618 558/690/618
f 562/685/619 582/712/619 581/694/619 561/686/619
f 590/702/620 584/708/620 585/713/620 589/703/620
f 591/710/621 586/709/621 584/708/621 590/702/621
f 592/714/622 587/715/622 586/709/622 591/710/622
f 593/706/623 588/705/623 587/715/623 592/714/623
f 576/692/624 586/709/624 587/715/624 577/711/624
f 583/707/625 593/706/625 592/714/625 582/712/625
f 577/711/626 587/715/626 588/705/626 578/704/626
f 582/712/627 592/714/627 591/710/627 581/694/627
f 575/698/628 585/713/628 584/708/628 574/691/628
f 579/697/629 589/703/629 585/713/629 575/698/629
f 617/570/630 621/716/630 619/717/630 615/576/630
f 692/718/631 694/719/631 622/720/631 618/721/631
f 690/577/632 692/718/632 618/721/632 614/574/632
f 691/569/633 693/722/633 621/716/633 617/570/633
f 614/574/634 618/721/634 620/723/634 616/575/634
f 695/724/635 697/725/635 629/726/635 625/727/635
f 693/722/636 695/724/636 625/727/636 621/716/636
f 618/721/637 622/720/637 624/728/637 620/723/637
f 621/716/638 625/727/638 623/729/638 619/717/638
f 697/725/639 696/730/639 627/731/639 629/726/639
f 622/720/640 626/732/640 628/733/640 624/728/640
f 625/727/641 629/726/641 627/731/641 623/729/641
f 694/719/642 696/730/642 626/732/642 622/720/642
f 623/729/643 627/731/643 696/730/643 694/719/643
f 628/733/644 626/732/644 696/730/644 697/725/644
f 620/723/645 624/728/645 695/724/645 693/722/645
f 624/728/646 628/733/646 697/725/646 695/724/646
f 616/575/647 620/723/647 693/722/647 691/569/647
f 615/576/648 619/717/648 692/718/648 690/577/648
f 619/717/649 623/729/649 694/719/649 692/718/649
